1775060237222 0.0002 0
1775060321805 0.0004 1
1775060408718 0.0006 2
1775060487422 0.0008 3
1775060565646 0.001 4
1775060649676 0.0009999899300364532 5
1775060735182 0.0009999597205514296 6
1775060819454 0.000999909372761763 7
1775060905692 0.0009998388886954545 8
1775060988511 0.0009997482711915926 9
1775061067360 0.0009996375239002368 10
1775061153410 0.0009995066512822719 11
1775061240514 0.000999355658609228 12
1775061325863 0.0009991845519630679 13
1775061414216 0.0009989933382359422 14
1775061499646 0.0009987820251299122 15
1775061581791 0.0009985506211566387 16
1775061665199 0.0009982991356370402 17
1775061743265 0.000998027578700917 18
1775061808607 0.0009977359612865424 19
1775061870971 0.0009974242951402235 20
1775061938220 0.0009970925928158272 21
1775062014866 0.0009967408676742752 22
1775062097606 0.0009963691338830043 23
1775062181338 0.0009959774064153978 24
1775062267158 0.0009955657010501807 25
1775062349607 0.0009951340343707852 26
1775062437603 0.0009946824237646824 27
1775062525613 0.0009942108874226813 28
1775062615575 0.0009937194443381972 29
1775062698635 0.000993208114306486 30
1775062784687 0.0009926769179238466 31
1775062870399 0.0009921258765867918 32
1775062957914 0.0009915550124911866 33
1775063038500 0.0009909643486313534 34
1775063120796 0.0009903539087991462 35
1775063204651 0.0009897237175829927 36
1775063288590 0.0009890738003669028 37
1775063376347 0.0009884041833294476 38
1775063456322 0.0009877148934427035 39
1775063536125 0.0009870059584711668 40
1775063617126 0.0009862774069706345 41
1775063681699 0.000985529268287055 42
1775063748790 0.0009847615725553456 43
1775063811400 0.0009839743506981783 44
1775063875748 0.0009831676344247342 45
1775063952722 0.000982341456229428 46
1775064035016 0.0009814958493905962 47
1775064114674 0.0009806308479691594 48
1775064194409 0.0009797464868072487 49
1775064274212 0.0009788428015268028 50
1775064354697 0.0009779198285281327 51
1775064438708 0.0009769776049884564 52
1775064525288 0.0009760161688604008 53
1775064603535 0.0009750355588704727 54
1775064693785 0.0009740358145174998 55
1775064776664 0.0009730169760710386 56
1775064860864 0.0009719790845697534 57
1775064945819 0.0009709221818197624 58
1775065031406 0.0009698463103929542 59
1775065115202 0.0009687515136252732 60
1775065202515 0.0009676378356149733 61
1775065286466 0.0009665053212208426 62
1775065376851 0.0009653540160603955 63
1775065460412 0.0009641839665080363 64
1775065538836 0.0009629952196931902 65
1775065604373 0.0009617878234984055 66
1775065668887 0.0009605618265574251 67
1775065735619 0.0009593172782532268 68
1775065815392 0.0009580542287160348 69
1775065899001 0.0009567727288213005 70
1775065983701 0.0009554728301876525 71
1775066066599 0.0009541545851748186 72
1775066155792 0.0009528180468815154 73
1775066242698 0.0009514632691433108 74
1775066328426 0.0009500903065304539 75
1775066418071 0.0009486992143456792 76
1775066507301 0.0009472900486219768 77
1775066596570 0.0009458628661203367 78
1775066686823 0.0009444177243274617 79
