1775060237222 77160.0254145763 0
1775060321805 33.091783752206894 1
1775060408718 21.02760830375015 2
1775060487422 20.028559643714154 3
1775060565646 22.395566708728914 4
1775060649676 22.704014390218454 5
1775060735182 20.002339135427945 6
1775060819454 17.65675987278829 7
1775060905692 16.151417237324793 8
1775060988511 15.513997688889503 9
1775061067360 14.256463395767524 10
1775061153410 12.954069602196334 11
1775061240514 11.579068148966696 12
1775061325863 13.334184279329465 13
1775061414216 12.22614707663411 14
1775061499646 11.596187712960555 15
1775061581791 8.568877981578717 16
1775061665199 10.270138303275969 17
1775061743265 9.53482921433742 18
1775061808607 9.033203210132044 19
1775061870971 8.177225585904766 20
1775061938220 7.975646608432785 21
1775062014866 8.323881301723542 22
1775062097606 7.259587875033011 23
1775062181338 7.369198672168079 24
1775062267158 7.492473336272552 25
1775062349607 7.121332641019196 26
1775062437603 6.242211188204953 27
1775062525613 6.3477138294304005 28
1775062615575 5.8809933227593785 29
1775062698635 6.0026823960122515 30
1775062784687 6.602929752930755 31
1775062870399 5.333289793891008 32
1775062957914 6.228431297130272 33
1775063038500 5.578873988546309 34
1775063120796 5.176938048395955 35
1775063204651 5.084675651593287 36
1775063288590 5.325565641165757 37
1775063376347 5.748370067872962 38
1775063456322 5.018600250609586 39
1775063536125 4.489356025687007 40
1775063617126 5.067618093529686 41
1775063681699 4.555128994168805 42
1775063748790 4.27548181711406 43
1775063811400 4.770654646221732 44
1775063875748 4.089742949018713 45
1775063952722 5.2816369669114955 46
1775064035016 3.689110404643856 47
1775064114674 4.4808234053923455 48
1775064194409 4.121104071252659 49
1775064274212 4.209405498915031 50
1775064354697 3.955123217868023 51
1775064438708 3.8690341820970913 52
1775064525288 3.9287780665594045 53
1775064603535 3.8655149701555245 54
1775064693785 3.7950769561480304 55
1775064776664 3.506350799356816 56
1775064860864 3.736611407677658 57
1775064945819 3.4469437706665915 58
1775065031406 3.2649422822611744 59
1775065115202 3.6524628230416383 60
1775065202515 3.3659256749221536 61
1775065286466 3.393641028431107 62
1775065376851 3.479185106202227 63
1775065460412 3.5818214550247935 64
1775065538836 3.265904482698343 65
1775065604373 3.066948713337789 66
1775065668887 3.2292629243409046 67
1775065735619 2.6967598468553824 68
1775065815392 3.7885556657050476 69
1775065899001 3.2309570427312226 70
1775065983701 3.297228045700515 71
1775066066599 2.978304403513426 72
1775066155792 3.204624791858626 73
1775066242698 2.7478457398590495 74
1775066328426 2.811431763479944 75
1775066418071 2.772889282493318 76
1775066507301 2.814808158784128 77
1775066596570 2.920792528290729 78
1775066686823 2.7147291647117644 79
