1775080538726 0.0002 0
1775080589242 0.0004 1
1775080639798 0.0006 2
1775080690368 0.0008 3
1775080740968 0.001 4
1775080791651 0.0009999899300364532 5
1775080842304 0.0009999597205514296 6
1775080892831 0.000999909372761763 7
1775080943529 0.0009998388886954545 8
1775080994221 0.0009997482711915926 9
1775081044916 0.0009996375239002368 10
1775081095664 0.0009995066512822719 11
1775081146351 0.000999355658609228 12
1775081197062 0.0009991845519630679 13
1775081247737 0.0009989933382359422 14
1775081298500 0.0009987820251299122 15
1775081349080 0.0009985506211566387 16
1775081399935 0.0009982991356370402 17
1775081450512 0.000998027578700917 18
1775081501260 0.0009977359612865424 19
1775081551984 0.0009974242951402235 20
1775081602727 0.0009970925928158272 21
1775081653484 0.0009967408676742752 22
1775081703996 0.0009963691338830043 23
1775081754389 0.0009959774064153978 24
1775081804806 0.0009955657010501807 25
1775081855307 0.0009951340343707852 26
1775081906004 0.0009946824237646824 27
1775081956605 0.0009942108874226813 28
1775082007154 0.0009937194443381972 29
1775082057785 0.000993208114306486 30
1775082108458 0.0009926769179238466 31
1775082159444 0.0009921258765867918 32
1775082210415 0.0009915550124911866 33
