1775080538726 85982.17303100179 0
1775080589242 16.687009287662192 1
1775080639798 10.739740002350729 2
1775080690368 17.586514430456475 3
1775080740968 22.043776295224173 4
1775080791651 22.269634432968545 5
1775080842304 20.706021720268687 6
1775080892831 17.95342475810989 7
1775080943529 15.690568836253197 8
1775080994221 15.610539308092633 9
1775081044916 12.781739023865246 10
1775081095664 13.518904955904992 11
1775081146351 12.997480965784339 12
1775081197062 10.588715019773264 13
1775081247737 10.796191237744738 14
1775081298500 10.221688679251514 15
1775081349080 10.079987716967942 16
1775081399935 9.004539109766483 17
1775081450512 8.900175849555946 18
1775081501260 9.64548125447797 19
1775081551984 7.876930776189585 20
1775081602727 8.100233693836165 21
1775081653484 7.478124517397802 22
1775081703996 8.171750394657987 23
1775081754389 7.455573882724418 24
1775081804806 7.732638552296357 25
1775081855307 6.950263426807083 26
1775081906004 6.819568321597381 27
1775081956605 6.082770842753473 28
1775082007154 6.939269842427285 29
1775082057785 6.316638361235134 30
1775082108458 5.79823550203296 31
1775082159444 5.899234777957689 32
1775082210415 5.631402138070982 33
