1775056887999 0.0002 0
1775056987238 0.0004 1
1775057083840 0.0006 2
1775057181894 0.0008 3
1775057280926 0.001 4
1775057373699 0.0009999899300364532 5
1775057465978 0.0009999597205514296 6
1775057563189 0.000999909372761763 7
1775057650107 0.0009998388886954545 8
1775057743413 0.0009997482711915926 9
1775057840762 0.0009996375239002368 10
1775057942861 0.0009995066512822719 11
1775058044334 0.000999355658609228 12
1775058144496 0.0009991845519630679 13
1775058247043 0.0009989933382359422 14
1775058346019 0.0009987820251299122 15
1775058444778 0.0009985506211566387 16
1775058547266 0.0009982991356370402 17
1775058647372 0.000998027578700917 18
1775058745217 0.0009977359612865424 19
1775058845999 0.0009974242951402235 20
1775058947006 0.0009970925928158272 21
1775059046114 0.0009967408676742752 22
1775059145490 0.0009963691338830043 23
1775059246691 0.0009959774064153978 24
1775059347603 0.0009955657010501807 25
1775059449248 0.0009951340343707852 26
1775059550934 0.0009946824237646824 27
1775059653676 0.0009942108874226813 28
1775059756024 0.0009937194443381972 29
1775059857790 0.000993208114306486 30
1775059959076 0.0009926769179238466 31
1775060060504 0.0009921258765867918 32
1775060163758 0.0009915550124911866 33
1775060266334 0.0009909643486313534 34
1775060366104 0.0009903539087991462 35
1775060465238 0.0009897237175829927 36
1775060565951 0.0009890738003669028 37
1775060662070 0.0009884041833294476 38
1775060763355 0.0009877148934427035 39
1775060866405 0.0009870059584711668 40
1775060969476 0.0009862774069706345 41
1775061067159 0.000985529268287055 42
1775061166447 0.0009847615725553456 43
1775061265078 0.0009839743506981783 44
1775061360644 0.0009831676344247342 45
1775061456994 0.000982341456229428 46
1775061558728 0.0009814958493905962 47
1775061673236 0.0009806308479691594 48
1775061782214 0.0009797464868072487 49
1775061893438 0.0009788428015268028 50
1775062000279 0.0009779198285281327 51
1775062120004 0.0009769776049884564 52
1775062235861 0.0009760161688604008 53
1775062355122 0.0009750355588704727 54
1775062472223 0.0009740358145174998 55
1775062590302 0.0009730169760710386 56
1775062706491 0.0009719790845697534 57
1775062824292 0.0009709221818197624 58
1775062927029 0.0009698463103929542 59
1775063033905 0.0009687515136252732 60
1775063142167 0.0009676378356149733 61
1775063259806 0.0009665053212208426 62
1775063373240 0.0009653540160603955 63
1775063482462 0.0009641839665080363 64
1775063591446 0.0009629952196931902 65
1775063708493 0.0009617878234984055 66
1775063825333 0.0009605618265574251 67
