1775056887999 53553.33329475122 0
1775056987238 26.705434889089865 1
1775057083840 38.63302995630952 2
1775057181894 63.10670718013263 3
1775057280926 61.05277531850533 4
1775057373699 67.4916779779997 5
1775057465978 57.81609515283929 6
1775057563189 48.481738737372105 7
1775057650107 41.106985953987625 8
1775057743413 44.69863006521444 9
1775057840762 34.60044630922255 10
1775057942861 37.70270393813243 11
1775058044334 34.06923389337102 12
1775058144496 33.41522331706813 13
1775058247043 29.221639152433053 14
1775058346019 29.09802948842283 15
1775058444778 27.003480311299935 16
1775058547266 24.658337426967307 17
1775058647372 25.026896797242713 18
1775058745217 22.464034122033198 19
1775058845999 25.698631913446988 20
1775058947006 19.22528712085036 21
1775059046114 19.956476649299997 22
1775059145490 20.736971497047143 23
1775059246691 21.54417467874582 24
1775059347603 16.371002578833064 25
1775059449248 15.183693629063544 26
1775059550934 16.04594855279219 27
1775059653676 14.70188591323915 28
1775059756024 13.748692619629571 29
1775059857790 13.60340080398028 30
1775059959076 12.776917393578858 31
1775060060504 10.878387339046744 32
1775060163758 12.95582531905565 33
1775060266334 11.04964361083312 34
1775060366104 12.127803426052703 35
1775060465238 9.935499682411796 36
1775060565951 9.787191899951365 37
1775060662070 9.994375539851971 38
1775060763355 9.667252767525735 39
1775060866405 9.659840849090795 40
1775060969476 9.394068985811023 41
1775061067159 8.69606523081416 42
1775061166447 8.35873168169475 43
1775061265078 8.009402445105255 44
1775061360644 8.38834273253308 45
1775061456994 8.271207970918201 46
1775061558728 7.736847288540153 47
1775061673236 6.906239514223865 48
1775061782214 7.035141684603496 49
1775061893438 7.582802288356374 50
1775062000279 7.042538931013131 51
1775062120004 8.67833424909193 52
1775062235861 7.9277722071550905 53
1775062355122 6.623189131988854 54
1775062472223 6.142885089409156 55
1775062590302 7.8834475240990765 56
1775062706491 6.3815047097254975 57
1775062824292 6.147136287488898 58
1775062927029 6.446172440638308 59
1775063033905 6.963352651991805 60
1775063142167 5.915521621581961 61
1775063259806 5.463642757447039 62
1775063373240 5.855084269628173 63
1775063482462 5.65561172500497 64
1775063591446 5.996233770226846 65
1775063708493 5.727384960187263 66
1775063825333 5.4513504489279185 67
