1775059160870 0.0002 0
1775059261534 0.0004 1
1775059362592 0.0006 2
1775059464509 0.0008 3
1775059567401 0.001 4
1775059668721 0.0009999899300364532 5
1775059770645 0.0009999597205514296 6
1775059872052 0.000999909372761763 7
1775059975475 0.0009998388886954545 8
1775060079892 0.0009997482711915926 9
1775060183084 0.0009996375239002368 10
1775060285023 0.0009995066512822719 11
1775060387496 0.000999355658609228 12
1775060487779 0.0009991845519630679 13
1775060585999 0.0009989933382359422 14
1775060688015 0.0009987820251299122 15
1775060788221 0.0009985506211566387 16
1775060890634 0.0009982991356370402 17
1775060992356 0.000998027578700917 18
1775061091697 0.0009977359612865424 19
1775061195288 0.0009974242951402235 20
1775061298060 0.0009970925928158272 21
1775061397052 0.0009967408676742752 22
1775061498712 0.0009963691338830043 23
1775061603323 0.0009959774064153978 24
1775061720263 0.0009955657010501807 25
1775061837062 0.0009951340343707852 26
1775061951257 0.0009946824237646824 27
1775062066372 0.0009942108874226813 28
1775062188284 0.0009937194443381972 29
1775062308910 0.000993208114306486 30
1775062427016 0.0009926769179238466 31
1775062548653 0.0009921258765867918 32
1775062668090 0.0009915550124911866 33
1775062783630 0.0009909643486313534 34
1775062902078 0.0009903539087991462 35
1775063004990 0.0009897237175829927 36
1775063115879 0.0009890738003669028 37
1775063231140 0.0009884041833294476 38
1775063344662 0.0009877148934427035 39
1775063451196 0.0009870059584711668 40
1775063558697 0.0009862774069706345 41
1775063682456 0.000985529268287055 42
1775063802879 0.0009847615725553456 43
1775063922416 0.0009839743506981783 44
1775064043188 0.0009831676344247342 45
1775064161740 0.000982341456229428 46
1775064275700 0.0009814958493905962 47
1775064395799 0.0009806308479691594 48
1775064510294 0.0009797464868072487 49
1775064624692 0.0009788428015268028 50
1775064738440 0.0009779198285281327 51
1775064840803 0.0009769776049884564 52
1775064948959 0.0009760161688604008 53
1775065049272 0.0009750355588704727 54
1775065153493 0.0009740358145174998 55
1775065255665 0.0009730169760710386 56
1775065355548 0.0009719790845697534 57
1775065461134 0.0009709221818197624 58
1775065563011 0.0009698463103929542 59
1775065701577 0.0009687515136252732 60
1775065873724 0.0009676378356149733 61
1775066052127 0.0009665053212208426 62
1775066227999 0.0009653540160603955 63
1775066410402 0.0009641839665080363 64
1775066582460 0.0009629952196931902 65
1775066741282 0.0009617878234984055 66
1775066868195 0.0009605618265574251 67
1775066998824 0.0009593172782532268 68
1775067105342 0.0009580542287160348 69
1775067219639 0.0009567727288213005 70
1775067333089 0.0009554728301876525 71
1775067477348 0.0009541545851748186 72
1775067652090 0.0009528180468815154 73
1775067820148 0.0009514632691433108 74
1775067996134 0.0009500903065304539 75
