1775059160870 60839.21448991338 0
1775059261534 22.441383146848835 1
1775059362592 29.96862283691031 2
1775059464509 43.20612541476234 3
1775059567401 63.33650038159284 4
1775059668721 43.043530013717586 5
1775059770645 39.91367771781859 6
1775059872052 33.85161479525879 7
1775059975475 26.382457468109052 8
1775060079892 23.76141513957352 9
1775060183084 25.181711404538547 10
1775060285023 22.318895402746122 11
1775060387496 19.34057226825933 12
1775060487779 16.940755315002846 13
1775060585999 16.62491676162501 14
1775060688015 15.65277251576791 15
1775060788221 16.39550361379248 16
1775060890634 13.773291373839143 17
1775060992356 13.101055559076247 18
1775061091697 12.566900794623328 19
1775061195288 11.940417447783908 20
1775061298060 12.14857673889301 21
1775061397052 11.647302395740493 22
1775061498712 11.590561661563935 23
1775061603323 9.294845143546823 24
1775061720263 11.041567897332497 25
1775061837062 9.396496899792405 26
1775061951257 10.131492071220132 27
1775062066372 8.175660323901255 28
1775062188284 9.520317728890747 29
1775062308910 8.539665192243506 30
1775062427016 8.648886222086968 31
1775062548653 9.515858981819427 32
1775062668090 7.982588344421543 33
1775062783630 7.779662714263455 34
1775062902078 8.425528998624106 35
1775063004990 7.417077587276209 36
1775063115879 7.852570694855979 37
1775063231140 7.29627223911344 38
1775063344662 6.384064375743514 39
1775063451196 6.871359529920289 40
1775063558697 7.026141042836377 41
1775063682456 6.599842319723035 42
1775063802879 6.145833527089143 43
1775063922416 7.204632893693252 44
1775064043188 6.180749937525539 45
1775064161740 6.692938398081259 46
1775064275700 6.197625723652175 47
1775064395799 6.009829561241338 48
1775064510294 5.816477585828206 49
1775064624692 5.497063095696637 50
1775064738440 5.439668131595264 51
1775064840803 5.295309662208205 52
1775064948959 5.392597489058971 53
1775065049272 5.114284209296351 54
1775065153493 5.646049615423211 55
1775065255665 5.296412618678124 56
1775065355548 4.617470103331277 57
1775065461134 5.270648013678242 58
1775065563011 4.6597000700039946 59
1775065701577 5.022166399071451 60
1775065873724 4.6639209825728765 61
1775066052127 4.451890546645298 62
1775066227999 4.71042059612323 63
1775066410402 4.477396552252476 64
1775066582460 4.600981990822026 65
1775066741282 4.5637267551339065 66
1775066868195 4.308803110887281 67
1775066998824 4.270218242998006 68
1775067105342 4.691448976087277 69
1775067219639 4.396843109585222 70
1775067333089 4.136222735535903 71
1775067477348 4.361035528241611 72
1775067652090 3.9009980832333446 73
1775067820148 4.142335908029412 74
1775067996134 3.993721403914397 75
