1775080543213 0.0002 0
1775080597834 0.0004 1
1775080651055 0.0006 2
1775080705665 0.0008 3
1775080759972 0.001 4
1775080814262 0.0009999899300364532 5
1775080868178 0.0009999597205514296 6
1775080922313 0.000999909372761763 7
1775080977733 0.0009998388886954545 8
1775081032458 0.0009997482711915926 9
1775081086797 0.0009996375239002368 10
1775081141063 0.0009995066512822719 11
1775081195203 0.000999355658609228 12
1775081250342 0.0009991845519630679 13
1775081305867 0.0009989933382359422 14
1775081360416 0.0009987820251299122 15
1775081415378 0.0009985506211566387 16
1775081470247 0.0009982991356370402 17
1775081525383 0.000998027578700917 18
1775081579117 0.0009977359612865424 19
1775081633254 0.0009974242951402235 20
1775081686217 0.0009970925928158272 21
1775081740005 0.0009967408676742752 22
1775081792723 0.0009963691338830043 23
1775081847022 0.0009959774064153978 24
1775081900548 0.0009955657010501807 25
1775081956084 0.0009951340343707852 26
1775082011679 0.0009946824237646824 27
1775082064629 0.0009942108874226813 28
1775082118300 0.0009937194443381972 29
1775082174088 0.000993208114306486 30
1775082226827 0.0009926769179238466 31
