1775080543213 86130.73870108949 0
1775080597834 36.44548739370752 1
1775080651055 17.712013715603312 2
1775080705665 12.656168961134114 3
1775080759972 13.217915433352111 4
1775080814262 12.649878595207559 5
1775080868178 12.191150329396374 6
1775080922313 11.554182046505272 7
1775080977733 9.806998719690275 8
1775081032458 9.849898501497801 9
1775081086797 9.404487121911323 10
1775081141063 8.732951221651719 11
1775081195203 8.649689603535855 12
1775081250342 8.747978981889663 13
1775081305867 7.7811111343688655 14
1775081360416 6.670767503439403 15
1775081415378 7.911984136236495 16
1775081470247 6.791603983303562 17
1775081525383 7.165967156286122 18
1775081579117 6.578917340787708 19
1775081633254 7.0439512347344495 20
1775081686217 6.681672544142262 21
1775081740005 5.740259266779071 22
1775081792723 5.857972367620859 23
1775081847022 5.662475193865964 24
1775081900548 5.122548607590257 25
1775081956084 5.809148921341192 26
1775082011679 5.424378487907473 27
1775082064629 4.5197630152106285 28
1775082118300 5.482799702247635 29
1775082174088 5.432506087984218 30
1775082226827 4.500955456348716 31
