1775053822170 0.0002 0
1775053920882 0.0004 1
1775054020490 0.0006 2
1775054119533 0.0008 3
1775054218803 0.001 4
1775054319706 0.0009999899300364532 5
1775054418260 0.0009999597205514296 6
1775054514895 0.000999909372761763 7
1775054611878 0.0009998388886954545 8
1775054709693 0.0009997482711915926 9
1775054807355 0.0009996375239002368 10
1775054901943 0.0009995066512822719 11
1775054999868 0.000999355658609228 12
1775055098640 0.0009991845519630679 13
1775055194512 0.0009989933382359422 14
1775055294211 0.0009987820251299122 15
1775055391032 0.0009985506211566387 16
