1775053822170 94589.96332276844 0
1775053920882 33.48069451089765 1
1775054020490 13.957668798868774 2
1775054119533 9.898892182795727 3
1775054218803 10.988133505231044 4
1775054319706 12.59527565880877 5
1775054418260 10.880236115611968 6
1775054514895 10.100207530450625 7
1775054611878 10.366015693447629 8
1775054709693 8.756308342956128 9
1775054807355 9.128821983811308 10
1775054901943 7.859329817725009 11
1775054999868 8.320144359449872 12
1775055098640 7.422052375972271 13
1775055194512 7.976615092793449 14
1775055294211 6.932627436567525 15
1775055391032 7.764636758775985 16
