1775065359564 0.0002 0
1775065496467 0.0004 1
1775065640729 0.0006 2
1775065806399 0.0008 3
1775065988148 0.001 4
1775066154161 0.0009999899300364532 5
1775066314299 0.0009999597205514296 6
1775066464795 0.000999909372761763 7
1775066591620 0.0009998388886954545 8
1775066706731 0.0009997482711915926 9
1775066787422 0.0009996375239002368 10
1775066882201 0.0009995066512822719 11
1775066982852 0.000999355658609228 12
1775067123337 0.0009991845519630679 13
1775067268730 0.0009989933382359422 14
1775067426927 0.0009987820251299122 15
1775067604127 0.0009985506211566387 16
1775067781072 0.0009982991356370402 17
1775067947994 0.000998027578700917 18
1775068109314 0.0009977359612865424 19
1775068233021 0.0009974242951402235 20
1775068336030 0.0009970925928158272 21
1775068416129 0.0009967408676742752 22
1775068518731 0.0009963691338830043 23
1775068629551 0.0009959774064153978 24
1775068747329 0.0009955657010501807 25
1775068868421 0.0009951340343707852 26
1775069008403 0.0009946824237646824 27
1775069170933 0.0009942108874226813 28
1775069338819 0.0009937194443381972 29
1775069523257 0.000993208114306486 30
1775069703779 0.0009926769179238466 31
1775069855524 0.0009921258765867918 32
1775070003118 0.0009915550124911866 33
1775070110820 0.0009909643486313534 34
1775070240887 0.0009903539087991462 35
1775070367736 0.0009897237175829927 36
1775070511664 0.0009890738003669028 37
1775070665170 0.0009884041833294476 38
1775070820778 0.0009877148934427035 39
1775071006230 0.0009870059584711668 40
1775071170135 0.0009862774069706345 41
1775071334724 0.000985529268287055 42
1775071502228 0.0009847615725553456 43
1775071656373 0.0009839743506981783 44
1775071784824 0.0009831676344247342 45
1775071889121 0.000982341456229428 46
1775071994015 0.0009814958493905962 47
1775072120799 0.0009806308479691594 48
1775072240415 0.0009797464868072487 49
1775072349574 0.0009788428015268028 50
1775072472457 0.0009779198285281327 51
1775072654967 0.0009769776049884564 52
1775072808434 0.0009760161688604008 53
1775072971742 0.0009750355588704727 54
1775073140663 0.0009740358145174998 55
1775073302747 0.0009730169760710386 56
1775073451366 0.0009719790845697534 57
1775073592610 0.0009709221818197624 58
1775073714701 0.0009698463103929542 59
1775073825053 0.0009687515136252732 60
1775073926039 0.0009676378356149733 61
1775074037942 0.0009665053212208426 62
1775074149583 0.0009653540160603955 63
1775074271984 0.0009641839665080363 64
1775074412122 0.0009629952196931902 65
1775074558142 0.0009617878234984055 66
1775074739681 0.0009605618265574251 67
1775074921183 0.0009593172782532268 68
1775075082201 0.0009580542287160348 69
1775075268708 0.0009567727288213005 70
1775075414071 0.0009554728301876525 71
1775075523652 0.0009541545851748186 72
1775075636955 0.0009528180468815154 73
1775075780303 0.0009514632691433108 74
1775075910280 0.0009500903065304539 75
1775076026551 0.0009486992143456792 76
1775076133481 0.0009472900486219768 77
1775076238128 0.0009458628661203367 78
