1775065359564 84726.49005513113 0
1775065496467 13.170164784935654 1
1775065640729 14.039307205403437 2
1775065806399 24.51834983415291 3
1775065988148 33.503081522515565 4
1775066154161 33.25626824478634 5
1775066314299 25.322409120739483 6
1775066464795 23.648910272805416 7
1775066591620 23.842336741382958 8
1775066706731 19.38798696413392 9
1775066787422 20.414868542893988 10
1775066882201 18.035819724446437 11
1775066982852 16.36815954964669 12
1775067123337 15.140075364562332 13
1775067268730 14.40899278467796 14
1775067426927 13.674201717630762 15
1775067604127 11.837955756998452 16
1775067781072 12.606226974823436 17
1775067947994 12.577083474544228 18
1775068109314 11.184861701165067 19
1775068233021 11.577158348115741 20
1775068336030 10.311668878085301 21
1775068416129 10.711508371790902 22
1775068518731 9.899700069769484 23
1775068629551 10.097773643302135 24
1775068747329 9.66109677733945 25
1775068868421 9.394607957391464 26
1775069008403 9.391028118915246 27
1775069170933 8.857691093424304 28
1775069338819 8.683097834347702 29
1775069523257 8.385553646283071 30
1775069703779 9.33121494777867 31
1775069855524 10.685787652848196 32
1775070003118 7.371841050684452 33
1775070110820 7.999888901217062 34
1775070240887 7.5935785214065525 35
1775070367736 7.950833202263371 36
1775070511664 7.326161259174591 37
1775070665170 6.748028496616199 38
1775070820778 6.902197291982955 39
1775071006230 6.288036294892186 40
1775071170135 7.462561849932202 41
1775071334724 7.460634186131055 42
1775071502228 6.224217761491166 43
1775071656373 7.857074769427542 44
1775071784824 5.972884086800403 45
1775071889121 6.9371555404829195 46
1775071994015 6.342620989460437 47
1775072120799 6.045517279415345 48
1775072240415 6.122091661772279 49
1775072349574 5.245680526937129 50
1775072472457 6.14842409063436 51
1775072654967 5.536446666192324 52
1775072808434 5.503562544457248 53
1775072971742 5.162724298409751 54
1775073140663 5.3641157135611675 55
1775073302747 4.942262450202566 56
1775073451366 5.075927103274181 57
1775073592610 5.44153350115311 58
1775073714701 5.104940157933314 59
1775073825053 4.747100280078708 60
1775073926039 5.25408067822945 61
1775074037942 5.134174963245626 62
1775074149583 5.002161714507908 63
1775074271984 4.568645210539708 64
1775074412122 4.558396847704883 65
1775074558142 4.873158691176137 66
1775074739681 4.40378753413431 67
1775074921183 4.693154296975155 68
1775075082201 4.737968972410823 69
1775075268708 5.660827608626397 70
1775075414071 5.105097566593866 71
1775075523652 4.451293856882658 72
1775075636955 4.410200793906802 73
1775075780303 4.368711189718032 74
1775075910280 4.477908799882795 75
1775076026551 4.2506372553647545 76
1775076133481 4.0927202397438345 77
1775076238128 4.465499040289004 78
