1775083359105 0.0002 0
1775083411550 0.0004 1
1775083464473 0.0006 2
1775083517177 0.0008 3
1775083570316 0.001 4
1775083623723 0.0009999899300364532 5
1775083676754 0.0009999597205514296 6
1775083730007 0.000999909372761763 7
1775083783570 0.0009998388886954545 8
1775083836850 0.0009997482711915926 9
1775083890364 0.0009996375239002368 10
1775083943944 0.0009995066512822719 11
1775083997319 0.000999355658609228 12
1775084050883 0.0009991845519630679 13
1775084104535 0.0009989933382359422 14
1775084157833 0.0009987820251299122 15
1775084211398 0.0009985506211566387 16
1775084265074 0.0009982991356370402 17
1775084318424 0.000998027578700917 18
1775084371948 0.0009977359612865424 19
1775084425591 0.0009974242951402235 20
1775084479045 0.0009970925928158272 21
1775084532662 0.0009967408676742752 22
1775084586475 0.0009963691338830043 23
1775084639959 0.0009959774064153978 24
1775084693533 0.0009955657010501807 25
1775084747229 0.0009951340343707852 26
1775084800627 0.0009946824237646824 27
1775084854263 0.0009942108874226813 28
1775084908064 0.0009937194443381972 29
1775084961581 0.000993208114306486 30
1775085015212 0.0009926769179238466 31
