1775083359105 232516.79392930327 0
1775083411550 64326.62647284836 1
1775083464473 1361.6378531534165 2
1775083517177 115.43049471495581 3
1775083570316 85.54325253846216 4
1775083623723 67.0410379190914 5
1775083676754 54.056507048059686 6
1775083730007 44.67684880241019 7
1775083783570 37.418018591208536 8
1775083836850 32.17909803546843 9
1775083890364 29.893472108684602 10
1775083943944 26.020708897074716 11
1775083997319 24.861233101516472 12
1775084050883 18.16708022258321 13
1775084104535 15.154380055724598 14
1775084157833 17.852390813045815 15
1775084211398 15.507109391884725 16
1775084265074 12.768115880059414 17
1775084318424 10.986209267475566 18
1775084371948 10.418977940668825 19
1775084425591 14.47868148616103 20
1775084479045 11.70509431010387 21
1775084532662 9.33895119291837 22
1775084586475 8.44946177670213 23
1775084639959 7.925359014604912 24
1775084693533 7.652399879987122 25
1775084747229 7.444253272697574 26
1775084800627 7.172768745266024 27
1775084854263 6.792879257045809 28
1775084908064 6.3431698259760125 29
1775084961581 12.02750744194281 30
1775085015212 8.651692136389311 31
