1775053746238 0.0002 0
1775053830113 0.0004 1
1775053915193 0.0006 2
1775053989253 0.0008 3
1775054065211 0.001 4
1775054142542 0.0009999899300364532 5
1775054224014 0.0009999597205514296 6
1775054307475 0.000999909372761763 7
1775054387868 0.0009998388886954545 8
1775054462248 0.0009997482711915926 9
1775054538058 0.0009996375239002368 10
1775054611039 0.0009995066512822719 11
1775054683979 0.000999355658609228 12
1775054757630 0.0009991845519630679 13
1775054832267 0.0009989933382359422 14
1775054903902 0.0009987820251299122 15
1775054987069 0.0009985506211566387 16
1775055064396 0.0009982991356370402 17
1775055147372 0.000998027578700917 18
1775055230746 0.0009977359612865424 19
1775055313687 0.0009974242951402235 20
1775055394693 0.0009970925928158272 21
