1775053746238 121180.67925500088 0
1775053830113 71.22519902713964 1
1775053915193 11.073245677303095 2
1775053989253 4.964014215303249 3
1775054065211 4.803898303968007 4
1775054142542 5.201283555294647 5
1775054224014 4.759148266227519 6
1775054307475 4.454568754942691 7
1775054387868 4.420445876409773 8
1775054462248 3.681872235214124 9
1775054538058 4.27083667221128 10
1775054611039 3.911600795070656 11
1775054683979 3.3512981587746102 12
1775054757630 3.8808884596849076 13
1775054832267 3.2428150966641356 14
1775054903902 3.3641091471568485 15
1775054987069 3.924908995628357 16
1775055064396 3.2459615743184678 17
1775055147372 3.1131071493518157 18
1775055230746 3.3851079479714885 19
1775055313687 3.244440539266731 20
1775055394693 2.9547052525106023 21
