1775080538727 0.0002 0
1775080589077 0.0004 1
1775080639493 0.0006 2
1775080689922 0.0008 3
1775080740342 0.001 4
1775080790888 0.0009999899300364532 5
1775080841530 0.0009999597205514296 6
1775080892022 0.000999909372761763 7
1775080942513 0.0009998388886954545 8
1775080993256 0.0009997482711915926 9
1775081043916 0.0009996375239002368 10
1775081094703 0.0009995066512822719 11
1775081145579 0.000999355658609228 12
1775081196320 0.0009991845519630679 13
1775081247673 0.0009989933382359422 14
1775081298093 0.0009987820251299122 15
1775081348372 0.0009985506211566387 16
1775081398872 0.0009982991356370402 17
1775081448649 0.000998027578700917 18
1775081498563 0.0009977359612865424 19
1775081548538 0.0009974242951402235 20
1775081598416 0.0009970925928158272 21
1775081648264 0.0009967408676742752 22
1775081698388 0.0009963691338830043 23
1775081748396 0.0009959774064153978 24
1775081798855 0.0009955657010501807 25
1775081849871 0.0009951340343707852 26
1775081900284 0.0009946824237646824 27
1775081950398 0.0009942108874226813 28
1775082000382 0.0009937194443381972 29
1775082050292 0.000993208114306486 30
1775082100215 0.0009926769179238466 31
1775082150142 0.0009921258765867918 32
1775082200091 0.0009915550124911866 33
