1775080538727 115228.28537038897 0
1775080589077 29.653554548005587 1
1775080639493 6.00995790860692 2
1775080689922 6.668018285124028 3
1775080740342 9.11476364438651 4
1775080790888 9.203237378450691 5
1775080841530 8.623540582104784 6
1775080892022 7.747233029271736 7
1775080942513 7.5498295531409685 8
1775080993256 7.074371206345128 9
1775081043916 6.96611622207966 10
1775081094703 6.045012242237076 11
1775081145579 6.8674853721358735 12
1775081196320 6.212792932987213 13
1775081247673 6.5911277133177535 14
1775081298093 5.515203178173206 15
1775081348372 5.126830113471532 16
1775081398872 6.500986507070846 17
1775081448649 5.107976868992946 18
1775081498563 5.5426583291932205 19
1775081548538 4.759231718348675 20
1775081598416 4.913012313183214 21
1775081648264 4.718209679436977 22
1775081698388 4.5516494827070195 23
1775081748396 4.520773845740029 24
1775081798855 4.816523019407616 25
1775081849871 4.408623947227587 26
1775081900284 4.079598559585751 27
1775081950398 4.212338461189485 28
1775082000382 3.711884985265673 29
1775082050292 4.461873079176809 30
1775082100215 4.069499292762065 31
1775082150142 4.340199690495358 32
1775082200091 3.974021311910426 33
