1775065367469 0.0002 0
1775065517547 0.0004 1
1775065683477 0.0006 2
1775065852750 0.0008 3
1775066031407 0.001 4
1775066172286 0.0009999899300364532 5
1775066315090 0.0009999597205514296 6
1775066441193 0.000999909372761763 7
1775066561973 0.0009998388886954545 8
1775066674532 0.0009997482711915926 9
1775066769951 0.0009996375239002368 10
1775066888414 0.0009995066512822719 11
1775067037149 0.000999355658609228 12
1775067202719 0.0009991845519630679 13
1775067364317 0.0009989933382359422 14
1775067547187 0.0009987820251299122 15
1775067729054 0.0009985506211566387 16
1775067892372 0.0009982991356370402 17
1775068020003 0.000998027578700917 18
1775068152892 0.0009977359612865424 19
1775068280008 0.0009974242951402235 20
1775068416769 0.0009970925928158272 21
1775068510741 0.0009967408676742752 22
1775068619828 0.0009963691338830043 23
1775068772157 0.0009959774064153978 24
1775068959628 0.0009955657010501807 25
1775069139267 0.0009951340343707852 26
1775069309526 0.0009946824237646824 27
1775069505187 0.0009942108874226813 28
1775069670335 0.0009937194443381972 29
1775069804491 0.000993208114306486 30
1775069933668 0.0009926769179238466 31
1775070069182 0.0009921258765867918 32
1775070175685 0.0009915550124911866 33
1775070291639 0.0009909643486313534 34
1775070429134 0.0009903539087991462 35
1775070592804 0.0009897237175829927 36
1775070778789 0.0009890738003669028 37
1775070957863 0.0009884041833294476 38
1775071143850 0.0009877148934427035 39
1775071333747 0.0009870059584711668 40
1775071537063 0.0009862774069706345 41
1775071675184 0.000985529268287055 42
1775071803785 0.0009847615725553456 43
1775071905763 0.0009839743506981783 44
1775072021814 0.0009831676344247342 45
1775072121796 0.000982341456229428 46
1775072243622 0.0009814958493905962 47
1775072357910 0.0009806308479691594 48
1775072512347 0.0009797464868072487 49
1775072693769 0.0009788428015268028 50
1775072887028 0.0009779198285281327 51
1775073096598 0.0009769776049884564 52
1775073286647 0.0009760161688604008 53
1775073429167 0.0009750355588704727 54
1775073552618 0.0009740358145174998 55
1775073692852 0.0009730169760710386 56
1775073817358 0.0009719790845697534 57
1775073935738 0.0009709221818197624 58
1775074079372 0.0009698463103929542 59
1775074230255 0.0009687515136252732 60
1775074391571 0.0009676378356149733 61
1775074574805 0.0009665053212208426 62
1775074780566 0.0009653540160603955 63
1775074981959 0.0009641839665080363 64
1775075138503 0.0009629952196931902 65
1775075277073 0.0009617878234984055 66
1775075437257 0.0009605618265574251 67
1775075595696 0.0009593172782532268 68
1775075724282 0.0009580542287160348 69
1775075862633 0.0009567727288213005 70
1775075996017 0.0009554728301876525 71
1775076114230 0.0009541545851748186 72
1775076227375 0.0009528180468815154 73
1775076328393 0.0009514632691433108 74
1775076427435 0.0009500903065304539 75
1775076520088 0.0009486992143456792 76
1775076613743 0.0009472900486219768 77
1775076693849 0.0009458628661203367 78
1775076764201 0.0009444177243274617 79
1775076827894 0.0009429546814534529 80
1775076884860 0.0009414737964294635 81
1775076937928 0.0009399751289053266 82
1775076989242 0.0009384587392471515 83
