1775065367469 60039.09377964012 0
1775065517547 32.42967566310382 1
1775065683477 47.90587484738866 2
1775065852750 75.93770958556503 3
1775066031407 80.22770114609453 4
1775066172286 64.36676408912315 5
1775066315090 55.914600306847056 6
1775066441193 46.12690897066085 7
1775066561973 36.92066804600544 8
1775066674532 34.80385923971895 9
1775066769951 30.850592527721748 10
1775066888414 27.804926133546672 11
1775067037149 25.409334893109367 12
1775067202719 26.81157685254441 13
1775067364317 22.932607271876492 14
1775067547187 20.118729823436894 15
1775067729054 21.434051026574902 16
1775067892372 17.391679789443486 17
1775068020003 17.529689788329797 18
1775068152892 16.66398222964318 19
1775068280008 15.961494797321617 20
1775068416769 15.099987715971274 21
1775068510741 14.75301049405434 22
1775068619828 14.489153510967238 23
1775068772157 13.808033801493098 24
1775068959628 13.672019908662703 25
1775069139267 13.552731386706478 26
1775069309526 13.591828749316637 27
1775069505187 12.574939887054631 28
1775069670335 11.895904592681127 29
1775069804491 10.871962503331606 30
1775069933668 11.455786383542858 31
1775070069182 11.857241381509382 32
1775070175685 9.967228886533956 33
1775070291639 11.053763926517767 34
1775070429134 9.718643227073013 35
1775070592804 10.677809014305717 36
1775070778789 9.713103199591401 37
1775070957863 9.873107175602287 38
1775071143850 9.340876723777075 39
1775071333747 8.987893823961743 40
1775071537063 9.66583603779312 41
1775071675184 8.440160020453032 42
1775071803785 8.353895278494866 43
1775071905763 8.769527071567833 44
1775072021814 8.341413961692911 45
1775072121796 7.953050432024432 46
1775072243622 8.33847478557317 47
1775072357910 7.799850738683685 48
1775072512347 7.605532402020009 49
1775072693769 7.848648267324831 50
1775072887028 7.7380600305976435 51
1775073096598 7.963670656390366 52
1775073286647 7.207253399320313 53
1775073429167 7.209837235143928 54
1775073552618 7.534170633334606 55
1775073692852 6.9394510916022005 56
1775073817358 6.850247272213951 57
1775073935738 6.921248344124341 58
1775074079372 7.71960531993479 59
1775074230255 6.391121935038293 60
1775074391571 6.262695019118121 61
1775074574805 6.959603235491963 62
1775074780566 5.9534273697216005 63
1775074981959 6.382314936547983 64
1775075138503 6.902040883898735 65
1775075277073 5.655664277125577 66
1775075437257 6.374001031833106 67
1775075595696 6.071774761329909 68
1775075724282 5.582813044429803 69
1775075862633 5.988737572656303 70
1775075996017 5.448240031717254 71
1775076114230 5.82206154260479 72
1775076227375 5.715391845366017 73
1775076328393 5.490096535228315 74
1775076427435 5.392965564718012 75
1775076520088 4.715286959023749 76
1775076613743 6.247759736463672 77
1775076693849 4.942707403639301 78
1775076764201 5.363313354429652 79
1775076827894 5.180128654007052 80
1775076884860 4.850062134996301 81
1775076937928 5.638587741150719 82
1775076989242 4.7158468283835004 83
