1775086139539 0.0002 0
1775086208770 0.0004 1
1775086277666 0.0006 2
1775086351367 0.0008 3
1775086424698 0.001 4
1775086496559 0.0009999899300364532 5
1775086567547 0.0009999597205514296 6
1775086641196 0.000999909372761763 7
1775086710285 0.0009998388886954545 8
1775086781807 0.0009997482711915926 9
1775086856002 0.0009996375239002368 10
1775086927942 0.0009995066512822719 11
1775086999731 0.000999355658609228 12
1775087072208 0.0009991845519630679 13
1775087140528 0.0009989933382359422 14
1775087209096 0.0009987820251299122 15
1775087279840 0.0009985506211566387 16
1775087350418 0.0009982991356370402 17
1775087420042 0.000998027578700917 18
1775087499862 0.0009977359612865424 19
1775087576579 0.0009974242951402235 20
1775087649508 0.0009970925928158272 21
1775087720142 0.0009967408676742752 22
1775087800995 0.0009963691338830043 23
1775087880649 0.0009959774064153978 24
1775087958155 0.0009955657010501807 25
1775088030964 0.0009951340343707852 26
1775088105635 0.0009946824237646824 27
1775088179349 0.0009942108874226813 28
1775088248504 0.0009937194443381972 29
1775088325996 0.000993208114306486 30
1775088400168 0.0009926769179238466 31
1775088468691 0.0009921258765867918 32
1775088540156 0.0009915550124911866 33
1775088612665 0.0009909643486313534 34
1775088681541 0.0009903539087991462 35
1775088748732 0.0009897237175829927 36
1775088818991 0.0009890738003669028 37
1775088889101 0.0009884041833294476 38
1775088962759 0.0009877148934427035 39
1775089029293 0.0009870059584711668 40
