1775086139539 119701.12448868986 0
1775086208770 40.30541027373955 1
1775086277666 8.373819377578673 2
1775086351367 8.109404099280717 3
1775086424698 10.959017565260169 4
1775086496559 9.900173059252442 5
1775086567547 10.508667754100971 6
1775086641196 8.995874800520841 7
1775086710285 7.410390104182431 8
1775086781807 8.69349596759335 9
1775086856002 7.866450042876064 10
1775086927942 7.305452828524543 11
1775086999731 7.222810128184616 12
1775087072208 6.597456112504005 13
1775087140528 6.934808166911368 14
1775087209096 6.225782508488561 15
1775087279840 5.961868348668833 16
1775087350418 5.213597313180322 17
1775087420042 5.987992271658827 18
1775087499862 5.3477392688882155 19
1775087576579 5.598581205381722 20
1775087649508 5.0509616258691565 21
1775087720142 5.218954122457348 22
1775087800995 5.435560592312793 23
1775087880649 4.758079388835391 24
1775087958155 4.629614128074685 25
1775088030964 4.49025240455006 26
1775088105635 4.882492788685639 27
1775088179349 4.387160424692709 28
1775088248504 4.542691598783751 29
1775088325996 3.99409514366359 30
1775088400168 4.15122643058173 31
1775088468691 4.3013777244286455 32
1775088540156 3.588402551339298 33
1775088612665 4.486833690742 34
1775088681541 4.59391155045052 35
1775088748732 4.139986620696842 36
1775088818991 3.5381030567356797 37
1775088889101 3.433381165331993 38
1775088962759 3.653337856968407 39
1775089029293 3.1638875593904587 40
