1775083361453 0.0002 0
1775083418448 0.0004 1
1775083476258 0.0006 2
1775083532624 0.0008 3
1775083588775 0.001 4
1775083645720 0.0009999899300364532 5
1775083702933 0.0009999597205514296 6
1775083759985 0.000999909372761763 7
1775083818428 0.0009998388886954545 8
1775083874592 0.0009997482711915926 9
1775083932042 0.0009996375239002368 10
1775083990037 0.0009995066512822719 11
1775084048262 0.000999355658609228 12
1775084105058 0.0009991845519630679 13
1775084162315 0.0009989933382359422 14
1775084219113 0.0009987820251299122 15
1775084276549 0.0009985506211566387 16
1775084335039 0.0009982991356370402 17
1775084391732 0.000998027578700917 18
1775084448976 0.0009977359612865424 19
1775084506742 0.0009974242951402235 20
1775084564051 0.0009970925928158272 21
1775084622212 0.0009967408676742752 22
1775084678771 0.0009963691338830043 23
1775084735557 0.0009959774064153978 24
1775084792542 0.0009955657010501807 25
1775084851101 0.0009951340343707852 26
1775084908537 0.0009946824237646824 27
1775084965673 0.0009942108874226813 28
1775085024304 0.0009937194443381972 29
