1775083361453 259317.763960041 0
1775083418448 95035.7077036373 1
1775083476258 6127.317016851706 2
1775083532624 125.59117020153609 3
1775083588775 88.09423934436235 4
1775083645720 67.19216765732061 5
1775083702933 51.382945764260214 6
1775083759985 41.63522388896004 7
1775083818428 33.82368875722416 8
1775083874592 27.523430933717822 9
1775083932042 22.290304856222185 10
1775083990037 17.992675140255788 11
1775084048262 15.322715540401271 12
1775084105058 12.770277750296671 13
1775084162315 10.721608623129423 14
1775084219113 9.170449413237025 15
1775084276549 9.694909470980285 16
1775084335039 10.142043860232244 17
1775084391732 7.213282639863061 18
1775084448976 7.681489205751263 19
1775084506742 6.524891405809121 20
1775084564051 5.665258661645358 21
1775084622212 5.237475391294136 22
1775084678771 5.054675113959391 23
1775084735557 5.065397997371486 24
1775084792542 5.111742598111512 25
1775084851101 4.865328028553822 26
1775084908537 4.438052202834458 27
1775084965673 5.69549735256883 28
1775085024304 4.607679472594965 29
