1775083357723 0.0002 0
1775083410078 0.0004 1
1775083462752 0.0006 2
1775083515230 0.0008 3
1775083567968 0.001 4
1775083621070 0.0009999899300364532 5
1775083673991 0.0009999597205514296 6
1775083726980 0.000999909372761763 7
1775083780221 0.0009998388886954545 8
1775083833383 0.0009997482711915926 9
1775083886610 0.0009996375239002368 10
1775083940100 0.0009995066512822719 11
1775083993457 0.000999355658609228 12
1775084046857 0.0009991845519630679 13
1775084100581 0.0009989933382359422 14
1775084154191 0.0009987820251299122 15
1775084207840 0.0009985506211566387 16
1775084261837 0.0009982991356370402 17
1775084315621 0.000998027578700917 18
1775084369630 0.0009977359612865424 19
1775084423720 0.0009974242951402235 20
1775084477573 0.0009970925928158272 21
1775084531552 0.0009967408676742752 22
1775084585615 0.0009963691338830043 23
1775084639210 0.0009959774064153978 24
1775084693007 0.0009955657010501807 25
1775084746878 0.0009951340343707852 26
1775084800746 0.0009946824237646824 27
1775084854662 0.0009942108874226813 28
1775084908747 0.0009937194443381972 29
1775084962849 0.000993208114306486 30
1775085017000 0.0009926769179238466 31
