1775083357723 226643.22015881148 0
1775083410078 29628.297842557313 1
1775083462752 440.0153310807025 2
1775083515230 107.09932746261846 3
1775083567968 78.65187660592501 4
1775083621070 64.23733923865146 5
1775083673991 50.93095857588971 6
1775083726980 41.91036039883973 7
1775083780221 35.390365631853946 8
1775083833383 30.759666270897036 9
1775083886610 27.146673937312894 10
1775083940100 24.601648659002585 11
1775083993457 22.747978226083223 12
1775084046857 31.872091281609457 13
1775084100581 48.03298746953245 14
1775084154191 59.606252255986945 15
1775084207840 29.740740213237824 16
1775084261837 41.55737777225307 17
1775084315621 23.784422206096963 18
1775084369630 18.808324829476778 19
1775084423720 17.527125968307747 20
1775084477573 16.387439633979174 21
1775084531552 15.398478930113745 22
1775084585615 14.551108719872646 23
1775084639210 14.143202195402052 24
1775084693007 25.780634289882222 25
1775084746878 27.083262756222584 26
1775084800746 35.335267618054246 27
1775084854662 26.754754211081835 28
1775084908747 22.284183377125224 29
1775084962849 17.677835784974647 30
1775085017000 14.308996427254598 31
