1775080539936 0.0002 0
1775080591976 0.0004 1
1775080644103 0.0006 2
1775080696208 0.0008 3
1775080747271 0.001 4
1775080798489 0.0009999899300364532 5
1775080849415 0.0009999597205514296 6
1775080900163 0.000999909372761763 7
1775080952151 0.0009998388886954545 8
1775081004246 0.0009997482711915926 9
1775081056361 0.0009996375239002368 10
1775081108512 0.0009995066512822719 11
1775081160685 0.000999355658609228 12
1775081212807 0.0009991845519630679 13
1775081264214 0.0009989933382359422 14
1775081315349 0.0009987820251299122 15
1775081366431 0.0009985506211566387 16
1775081417781 0.0009982991356370402 17
1775081468714 0.000998027578700917 18
1775081520023 0.0009977359612865424 19
1775081571410 0.0009974242951402235 20
1775081623390 0.0009970925928158272 21
1775081676039 0.0009967408676742752 22
1775081728804 0.0009963691338830043 23
1775081781449 0.0009959774064153978 24
1775081834108 0.0009955657010501807 25
1775081886615 0.0009951340343707852 26
1775081937789 0.0009946824237646824 27
1775081988875 0.0009942108874226813 28
1775082040042 0.0009937194443381972 29
1775082091424 0.000993208114306486 30
1775082142781 0.0009926769179238466 31
1775082194081 0.0009921258765867918 32
1775082246880 0.0009915550124911866 33
