1775080539936 126920.83825489732 0
1775080591976 87.19745119673307 1
1775080644103 16.204986063671893 2
1775080696208 6.202914323963102 3
1775080747271 5.586517134162246 4
1775080798489 5.849041745555206 5
1775080849415 4.440892082745911 6
1775080900163 5.730925185025716 7
1775080952151 4.407608961106324 8
1775081004246 4.93377163407744 9
1775081056361 4.483244711136232 10
1775081108512 3.9650217735620794 11
1775081160685 4.040984020614233 12
1775081212807 3.979931132104553 13
1775081264214 3.883244903361211 14
1775081315349 3.5717486167540318 15
1775081366431 4.0762621998542645 16
1775081417781 3.4033159975145684 17
1775081468714 3.591990981861705 18
1775081520023 3.4437482758867937 19
1775081571410 3.4459759106279395 20
1775081623390 3.295033813927506 21
1775081676039 3.2586906232306214 22
1775081728804 3.1028191968187935 23
1775081781449 3.3377628447335272 24
1775081834108 3.300487044832257 25
1775081886615 2.636745552303361 26
1775081937789 3.1168447298715347 27
1775081988875 2.8089785061654498 28
1775082040042 2.8662576917253557 29
1775082091424 2.7983219862961377 30
1775082142781 2.476339171961194 31
1775082194081 2.899736453885915 32
1775082246880 2.5612585996506643 33
