1775080538726 0.0002 0
1775080588791 0.0004 1
1775080638758 0.0006 2
1775080689008 0.0008 3
1775080739426 0.001 4
1775080789823 0.0009999899300364532 5
1775080840273 0.0009999597205514296 6
1775080890597 0.000999909372761763 7
1775080941100 0.0009998388886954545 8
1775080991648 0.0009997482711915926 9
1775081042114 0.0009996375239002368 10
1775081092694 0.0009995066512822719 11
1775081143231 0.000999355658609228 12
1775081193802 0.0009991845519630679 13
1775081243948 0.0009989933382359422 14
1775081294088 0.0009987820251299122 15
1775081344087 0.0009985506211566387 16
1775081394436 0.0009982991356370402 17
1775081444386 0.000998027578700917 18
1775081494566 0.0009977359612865424 19
1775081544880 0.0009974242951402235 20
1775081595435 0.0009970925928158272 21
1775081646013 0.0009967408676742752 22
1775081696213 0.0009963691338830043 23
1775081746304 0.0009959774064153978 24
1775081796451 0.0009955657010501807 25
1775081846582 0.0009951340343707852 26
1775081896724 0.0009946824237646824 27
1775081946879 0.0009942108874226813 28
1775081996856 0.0009937194443381972 29
1775082047118 0.000993208114306486 30
1775082097352 0.0009926769179238466 31
1775082147512 0.0009921258765867918 32
1775082197735 0.0009915550124911866 33
1775082247885 0.0009909643486313534 34
