1775080538726 103935.4597455869 0
1775080588791 49.98138594041105 1
1775080638758 19.388892467881814 2
1775080689008 9.39431327483693 3
1775080739426 8.46752662443724 4
1775080789823 7.475610582066364 5
1775080840273 7.617480124972883 6
1775080890597 6.828156432655991 7
1775080941100 6.747678632252529 8
1775080991648 6.2218007179068735 9
1775081042114 6.627386548968612 10
1775081092694 6.169529440217331 11
1775081143231 4.65059251252745 12
1775081193802 5.9748952407695235 13
1775081243948 5.814138637641903 14
1775081294088 5.174784220205467 15
1775081344087 5.746453978731984 16
1775081394436 5.019161370811893 17
1775081444386 4.695924280974709 18
1775081494566 5.121458242296195 19
1775081544880 4.521408961017112 20
1775081595435 4.86468696924018 21
1775081646013 4.2417089060926045 22
1775081696213 4.193735211812815 23
1775081746304 4.2632688592325465 24
1775081796451 4.080732427720652 25
1775081846582 3.925401935689762 26
1775081896724 4.011259644185422 27
1775081946879 4.086585643411171 28
1775081996856 3.8780303184614806 29
1775082047118 4.05020563438779 30
1775082097352 3.5819470620424045 31
1775082147512 3.698064317346596 32
1775082197735 3.692705119120293 33
1775082247885 3.461748708344874 34
