1775060053142 0.0002 0
1775060149697 0.0004 1
1775060246703 0.0006 2
1775060337083 0.0008 3
1775060432631 0.001 4
1775060528595 0.0009999899300364532 5
1775060626303 0.0009999597205514296 6
1775060719930 0.000999909372761763 7
1775060812647 0.0009998388886954545 8
1775060907024 0.0009997482711915926 9
1775060998794 0.0009996375239002368 10
1775061096327 0.0009995066512822719 11
1775061195852 0.000999355658609228 12
1775061292763 0.0009991845519630679 13
1775061393534 0.0009989933382359422 14
1775061491179 0.0009987820251299122 15
1775061589688 0.0009985506211566387 16
1775061699772 0.0009982991356370402 17
