1775060053142 96608.34614058792 0
1775060149697 57.48574145895536 1
1775060246703 19.126434616378095 2
1775060337083 10.082246847328593 3
1775060432631 9.298877432209547 4
1775060528595 8.748754527969439 5
1775060626303 8.286643602320405 6
1775060719930 7.851130320522629 7
1775060812647 7.221210707040107 8
1775060907024 6.7439795763033334 9
1775060998794 6.1207461804151535 10
1775061096327 6.295693367475369 11
1775061195852 6.34374145149696 12
1775061292763 5.638503971402763 13
1775061393534 5.855435859961588 14
1775061491179 5.2711710849257765 15
1775061589688 4.897898669369885 16
1775061699772 5.47162391037726 17
