1775086330596 0.0002 0
1775086586120 0.0004 1
1775086852963 0.0006 2
1775087108251 0.0008 3
1775087372623 0.001 4
1775087633973 0.0009999899300364532 5
1775087899507 0.0009999597205514296 6
1775088159600 0.000999909372761763 7
1775088423688 0.0009998388886954545 8
1775088680855 0.0009997482711915926 9
1775088936317 0.0009996375239002368 10
1775089180431 0.0009995066512822719 11
1775089425329 0.000999355658609228 12
1775089669877 0.0009991845519630679 13
1775089929289 0.0009989933382359422 14
1775090187460 0.0009987820251299122 15
1775090446842 0.0009985506211566387 16
1775090703707 0.0009982991356370402 17
1775090957174 0.000998027578700917 18
1775091211301 0.0009977359612865424 19
1775091462953 0.0009974242951402235 20
1775091715325 0.0009970925928158272 21
1775091970771 0.0009967408676742752 22
1775092226103 0.0009963691338830043 23
1775092480316 0.0009959774064153978 24
1775092762764 0.0009955657010501807 25
1775093046044 0.0009951340343707852 26
1775093309676 0.0009946824237646824 27
1775093572069 0.0009942108874226813 28
1775093836178 0.0009937194443381972 29
1775094093145 0.000993208114306486 30
1775094343022 0.0009926769179238466 31
1775094597425 0.0009921258765867918 32
1775094853894 0.0009915550124911866 33
1775095112792 0.0009909643486313534 34
1775095373039 0.0009903539087991462 35
1775095629715 0.0009897237175829927 36
1775095887225 0.0009890738003669028 37
1775096181442 0.0009884041833294476 38
1775096453583 0.0009877148934427035 39
1775096729743 0.0009870059584711668 40
1775096991142 0.0009862774069706345 41
1775097254789 0.000985529268287055 42
1775097516511 0.0009847615725553456 43
1775097781660 0.0009839743506981783 44
1775098043731 0.0009831676344247342 45
1775098305086 0.000982341456229428 46
1775098573007 0.0009814958493905962 47
1775098853911 0.0009806308479691594 48
1775099129056 0.0009797464868072487 49
1775099408324 0.0009788428015268028 50
1775099682179 0.0009779198285281327 51
1775099950237 0.0009769776049884564 52
1775100219536 0.0009760161688604008 53
