1775086330596 46019.763862584456 0
1775086586120 47.38980375743303 1
1775086852963 92.11017623104033 2
1775087108251 103.35197408863756 3
1775087372623 98.03357337244222 4
1775087633973 90.3340047978964 5
1775087899507 66.44725150944757 6
1775088159600 54.86473273840107 7
1775088423688 42.8532382919163 8
1775088680855 37.02029739979838 9
1775088936317 31.905476920673106 10
1775089180431 28.09147472264337 11
1775089425329 28.025381335469543 12
1775089669877 24.59888993179212 13
1775089929289 21.14707594254955 14
1775090187460 23.231149396691166 15
1775090446842 18.72331449047464 16
1775090703707 19.05516440677838 17
1775090957174 18.21858397150626 18
1775091211301 17.44811990221993 19
1775091462953 15.565356670100181 20
1775091715325 18.242423924510597 21
1775091970771 14.363342879248448 22
1775092226103 14.395252416368391 23
1775092480316 14.334095593847213 24
1775092762764 13.838737410600068 25
1775093046044 14.135608225328024 26
1775093309676 12.533682783363295 27
1775093572069 12.410910027437522 28
1775093836178 13.084688893839962 29
1775094093145 11.914572873565017 30
1775094343022 11.53612615803226 31
1775094597425 11.713033705949783 32
1775094853894 10.253081554027855 33
1775095112792 10.756926719771057 34
1775095373039 10.718520439550526 35
1775095629715 9.90842799329367 36
1775095887225 10.312655951400272 37
1775096181442 9.386771766621559 38
1775096453583 10.022202233432747 39
1775096729743 9.401681094140303 40
1775096991142 8.746377346090606 41
1775097254789 8.806792779291262 42
1775097516511 9.785303263879213 43
1775097781660 8.717676006257534 44
1775098043731 8.494342660073373 45
1775098305086 7.600754764236387 46
1775098573007 8.164417114414153 47
1775098853911 8.628318291951398 48
1775099129056 8.766620987507164 49
1775099408324 7.363720499101232 50
1775099682179 7.195417242826985 51
1775099950237 7.045898252701173 52
1775100219536 7.916928798082422 53
