1775083358114 0.0002 0
1775083410947 0.0004 1
1775083464116 0.0006 2
1775083517127 0.0008 3
1775083570408 0.001 4
1775083623753 0.0009999899300364532 5
1775083677012 0.0009999597205514296 6
1775083730319 0.000999909372761763 7
1775083783677 0.0009998388886954545 8
1775083836982 0.0009997482711915926 9
1775083890468 0.0009996375239002368 10
1775083944299 0.0009995066512822719 11
1775083997963 0.000999355658609228 12
1775084051666 0.0009991845519630679 13
1775084105520 0.0009989933382359422 14
1775084159243 0.0009987820251299122 15
1775084212952 0.0009985506211566387 16
1775084266860 0.0009982991356370402 17
1775084320676 0.000998027578700917 18
1775084374563 0.0009977359612865424 19
1775084428665 0.0009974242951402235 20
1775084482831 0.0009970925928158272 21
1775084536817 0.0009967408676742752 22
1775084590654 0.0009963691338830043 23
1775084644713 0.0009959774064153978 24
1775084698880 0.0009955657010501807 25
1775084752663 0.0009951340343707852 26
1775084806641 0.0009946824237646824 27
1775084860773 0.0009942108874226813 28
1775084914624 0.0009937194443381972 29
1775084968653 0.000993208114306486 30
1775085022690 0.0009926769179238466 31
