1775083358114 147276.1417456455 0
1775083410947 2498.563923319832 1
1775083464116 726.1344020405754 2
1775083517127 583.8370175596143 3
1775083570408 275.05495890633006 4
1775083623753 215.29583840292008 5
1775083677012 143.72958286473008 6
1775083730319 336.5795409093138 7
1775083783677 123.64211510830238 8
1775083836982 213.59669847957423 9
1775083890468 163.36803215839825 10
1775083944299 172.02515048668033 11
1775083997963 79.76282025946945 12
1775084051666 88.69498213783639 13
1775084105520 102.5644865817711 14
1775084159243 93.83386250792957 15
1775084212952 140.92634876438828 16
1775084266860 101.68538972197986 17
1775084320676 127.02541224682918 18
1775084374563 66.62202240990811 19
1775084428665 47.0444736793393 20
1775084482831 74.67888229401385 21
1775084536817 50.24873564673252 22
1775084590654 81.09369901750908 23
1775084644713 72.20044070384542 24
1775084698880 44.89850478875832 25
1775084752663 89.23941040039062 26
1775084806641 84.88767193966224 27
1775084860773 64.23876371540007 28
1775084914624 62.10260814916892 29
1775084968653 36.79630709476158 30
1775085022690 30.15137447294642 31
