1775055585380 0.0002 0
1775055662601 0.0004 1
1775055746123 0.0006 2
1775055824780 0.0008 3
1775055909854 0.001 4
1775055985781 0.0009999899300364532 5
1775056066398 0.0009999597205514296 6
1775056146204 0.000999909372761763 7
1775056229391 0.0009998388886954545 8
1775056317623 0.0009997482711915926 9
1775056395905 0.0009996375239002368 10
1775056478408 0.0009995066512822719 11
1775056558540 0.000999355658609228 12
1775056637702 0.0009991845519630679 13
1775056719685 0.0009989933382359422 14
1775056800169 0.0009987820251299122 15
1775056874201 0.0009985506211566387 16
1775056944228 0.0009982991356370402 17
1775057016868 0.000998027578700917 18
1775057096787 0.0009977359612865424 19
1775057176976 0.0009974242951402235 20
1775057262820 0.0009970925928158272 21
1775057350455 0.0009967408676742752 22
1775057435850 0.0009963691338830043 23
1775057516508 0.0009959774064153978 24
1775057603582 0.0009955657010501807 25
1775057687377 0.0009951340343707852 26
1775057772734 0.0009946824237646824 27
1775057851913 0.0009942108874226813 28
1775057935335 0.0009937194443381972 29
1775058016953 0.000993208114306486 30
1775058097833 0.0009926769179238466 31
1775058182734 0.0009921258765867918 32
1775058268435 0.0009915550124911866 33
1775058350677 0.0009909643486313534 34
1775058429476 0.0009903539087991462 35
1775058508838 0.0009897237175829927 36
1775058581731 0.0009890738003669028 37
1775058646514 0.0009884041833294476 38
1775058712882 0.0009877148934427035 39
1775058780457 0.0009870059584711668 40
1775058863181 0.0009862774069706345 41
1775058942297 0.000985529268287055 42
1775059027702 0.0009847615725553456 43
1775059114119 0.0009839743506981783 44
1775059200038 0.0009831676344247342 45
1775059276551 0.000982341456229428 46
1775059354828 0.0009814958493905962 47
1775059434913 0.0009806308479691594 48
1775059513583 0.0009797464868072487 49
1775059592648 0.0009788428015268028 50
1775059673068 0.0009779198285281327 51
1775059749583 0.0009769776049884564 52
1775059833918 0.0009760161688604008 53
1775059916244 0.0009750355588704727 54
1775059998243 0.0009740358145174998 55
1775060076455 0.0009730169760710386 56
1775060153592 0.0009719790845697534 57
1775060231949 0.0009709221818197624 58
1775060313676 0.0009698463103929542 59
1775060394585 0.0009687515136252732 60
1775060463473 0.0009676378356149733 61
1775060530799 0.0009665053212208426 62
1775060597798 0.0009653540160603955 63
1775060670262 0.0009641839665080363 64
1775060749781 0.0009629952196931902 65
1775060835736 0.0009617878234984055 66
1775060918515 0.0009605618265574251 67
1775061004923 0.0009593172782532268 68
1775061094358 0.0009580542287160348 69
1775061181880 0.0009567727288213005 70
1775061270345 0.0009554728301876525 71
1775061350981 0.0009541545851748186 72
1775061439445 0.0009528180468815154 73
1775061528904 0.0009514632691433108 74
1775061611407 0.0009500903065304539 75
1775061692909 0.0009486992143456792 76
1775061775472 0.0009472900486219768 77
1775061863074 0.0009458628661203367 78
1775061945140 0.0009444177243274617 79
1775062030641 0.0009429546814534529 80
1775062114978 0.0009414737964294635 81
1775062199123 0.0009399751289053266 82
1775062284283 0.0009384587392471515 83
1775062368581 0.0009369246885348925 84
1775062452610 0.0009353730385598887 85
1775062529466 0.0009338038518223745 86
1775062598790 0.0009322171915289634 87
1775062659127 0.0009306131215901003 88
1775062722470 0.0009289917066174886 89
1775062791569 0.0009273530119214868 90
1775062865221 0.0009256971035084784 91
1775062953824 0.0009240240480782129 92
1775063038869 0.0009223339130211192 93
1775063124146 0.0009206267664155906 94
1775063207160 0.0009189026770252437 95
1775063292402 0.0009171617142961477 96
1775063374529 0.0009154039483540273 97
1775063458693 0.0009136294500014386 98
1775063539141 0.0009118382907149164 99
1775063620611 0.0009100305426420956 100
1775063704360 0.0009082062785988049 101
1775063788431 0.0009063655720661341 102
1775063871237 0.0009045084971874737 103
1775063951620 0.0009026351287655293 104
1775064035169 0.0009007455422593077 105
1775064121806 0.0008988398137810777 106
1775064208059 0.0008969180200933046 107
1775064290193 0.0008949802386055581 108
1775064374427 0.0008930265473713938 109
1775064444540 0.0008910570250852097 110
1775064508984 0.0008890717510790764 111
1775064574983 0.0008870708053195413 112
1775064640604 0.0008850542684044079 113
1775064716569 0.000883022221559489 114
1775064800160 0.0008809747466353355 115
1775064883135 0.0008789119261039385 116
1775064970126 0.0008768338430554083 117
1775065055152 0.0008747405811946271 118
1775065138616 0.0008726322248378774 119
1775065221518 0.0008705088589094458 120
1775065309488 0.0008683705689382025 121
1775065395046 0.0008662174410541554 122
1775065478543 0.0008640495619849821 123
1775065562548 0.000861867019052535 124
1775065647087 0.0008596699001693256 125
1775065728869 0.0008574582938349817 126
1775065816684 0.0008552322891326845 127
1775065904570 0.0008529919757255782 128
1775065987559 0.0008507374438531607 129
1775066073630 0.0008484687843276469 130
1775066161377 0.0008461860885303114 131
1775066250308 0.0008438894484078086 132
1775066336744 0.0008415789564684673 133
1775066419953 0.0008392547057785661 134
1775066506903 0.0008369167899585841 135
1775066577903 0.0008345653031794292 136
1775066644955 0.0008322003401586462 137
1775066713298 0.0008298219961566008 138
1775066783853 0.0008274303669726426 139
1775066871614 0.0008250255489412463 140
1775066954537 0.0008226076389281315 141
1775067038925 0.0008201767343263612 142
1775067125965 0.0008177329330524181 143
1775067214047 0.0008152763335422613 144
1775067301065 0.0008128070347473608 145
1775067388674 0.0008103251361307119 146
1775067472665 0.0008078307376628291 147
1775067559728 0.0008053239398177191 148
1775067646837 0.0008028048435688333 149
1775067735158 0.0008002735503850016 150
1775067822485 0.000797730162226344 151
1775067906937 0.000795174781540165 152
1775067995881 0.0007926075112568258 153
1775068079046 0.0007900284547855992 154
1775068164837 0.0007874377160105036 155
1775068254183 0.0007848353992861195 156
1775068340951 0.0007822216094333848 157
1775068417980 0.0007795964517353734 158
1775068481909 0.0007769600319330552 159
1775068551088 0.0007743124562210351 160
