1775055585380 68965.91742572238 0
1775055662601 27.01564766344477 1
1775055746123 23.353794838561388 2
1775055824780 28.58572474268616 3
1775055909854 35.61915378883237 4
1775055985781 35.28094043594892 5
1775056066398 34.60647899498705 6
1775056146204 29.30958893846293 7
1775056229391 25.395626271845863 8
1775056317623 21.637911152644236 9
1775056395905 22.9627712266367 10
1775056478408 20.942157524042443 11
1775056558540 18.72213427698026 12
1775056637702 15.858798652398782 13
1775056719685 16.783918817512326 14
1775056800169 15.014943484888702 15
1775056874201 11.66708040115286 16
1775056944228 14.063528862155852 17
1775057016868 12.931740127870293 18
1775057096787 11.824754485097088 19
1775057176976 11.459762081259587 20
1775057262820 10.556585905493282 21
1775057350455 10.53714461013919 22
1775057435850 9.55288959184631 23
1775057516508 9.16787032331111 24
1775057603582 9.447783760848592 25
1775057687377 8.945266471412339 26
1775057772734 8.714955703645456 27
1775057851913 8.130916773540076 28
1775057935335 7.997445317687558 29
1775058016953 8.492203243809644 30
1775058097833 7.186825414172938 31
1775058182734 8.176058765256503 32
1775058268435 7.189441370793054 33
1775058350677 7.388732351729127 34
1775058429476 7.13510143304946 35
1775058508838 6.853389688569014 36
1775058581731 6.541617463113831 37
1775058646514 6.308916416507764 38
1775058712882 6.766794993984894 39
1775058780457 5.7903012678515715 40
1775058863181 5.816150009876392 41
1775058942297 6.204992637526794 42
1775059027702 5.544065215548531 43
1775059114119 5.270909380167723 44
1775059200038 5.181383553831304 45
1775059276551 5.825604696864964 46
1775059354828 4.9048026485032725 47
1775059434913 5.041036782450363 48
1775059513583 5.303705488316348 49
1775059592648 5.0065558238840495 50
1775059673068 4.50315906351707 51
1775059749583 4.472806775056925 52
1775059833918 5.69567210581459 53
1775059916244 4.732568624688954 54
1775059998243 4.366638634537087 55
1775060076455 4.0511488388063475 56
1775060153592 4.556273609827288 57
1775060231949 4.243300563732132 58
1775060313676 4.273721282843684 59
1775060394585 3.7785823785196073 60
1775060463473 4.2464158414084405 61
1775060530799 3.7899977336408663 62
1775060597798 4.210948834348409 63
1775060670262 4.553687831356388 64
1775060749781 4.132255953843476 65
1775060835736 3.612310444905621 66
1775060918515 4.349286136812851 67
1775061004923 3.2733783471535465 68
1775061094358 4.16633366597969 69
1775061181880 3.4951253421604633 70
1775061270345 3.322184629066557 71
1775061350981 3.5248967813419516 72
1775061439445 3.7679447199477525 73
1775061528904 3.7775009444868957 74
1775061611407 2.9976860684205273 75
1775061692909 3.7466642377195787 76
1775061775472 2.928013477657662 77
1775061863074 3.394022686010013 78
1775061945140 3.4334155433490627 79
1775062030641 3.307709558882186 80
1775062114978 3.373094370558125 81
1775062199123 3.1424591025856676 82
1775062284283 3.2825450104523877 83
1775062368581 3.796927804707504 84
1775062452610 3.2811533375719533 85
1775062529466 3.217710771888006 86
1775062598790 2.9279803753693083 87
1775062659127 2.991875606115724 88
1775062722470 2.6616663701343732 89
1775062791569 2.881913624276392 90
1775062865221 2.875565215762033 91
1775062953824 2.889066965242878 92
1775063038869 2.660167633021464 93
1775063124146 2.761162994765356 94
1775063207160 2.598890268289652 95
1775063292402 2.5947651560189295 96
1775063374529 2.896928132771224 97
1775063458693 2.721667469280665 98
1775063539141 2.5083255402316325 99
1775063620611 2.6218937439385983 100
1775063704360 2.362086874539735 101
1775063788431 2.5953433633033858 102
1775063871237 2.686059406607366 103
1775063951620 2.555237264601422 104
1775064035169 2.333448716790461 105
1775064121806 2.3004325915311203 106
1775064208059 2.5429004792001892 107
1775064290193 2.451136787651015 108
1775064374427 2.4017455152800826 109
1775064444540 2.1794609041487583 110
1775064508984 2.466305528477323 111
1775064574983 2.0156672792661876 112
1775064640604 2.283816512093925 113
1775064716569 2.2270276058526313 114
1775064800160 2.04448491209721 115
1775064883135 2.214500184522056 116
1775064970126 2.3971718137198295 117
1775065055152 2.725097118708931 118
1775065138616 1.616554382425107 119
1775065221518 2.4335600642762225 120
1775065309488 2.183267953607147 121
1775065395046 1.883170384180839 122
1775065478543 1.979518522706921 123
1775065562548 2.315300948581979 124
1775065647087 1.9408354710360043 125
1775065728869 2.0636352913790064 126
1775065816684 1.629646812519822 127
1775065904570 2.143065104871744 128
1775065987559 2.0357415057779824 129
1775066073630 1.8434595700780876 130
1775066161377 2.052142615872817 131
1775066250308 1.9635332165682902 132
1775066336744 1.8762459576007773 133
1775066419953 1.6967213972792274 134
1775066506903 1.5792205192637248 135
1775066577903 1.83728983421184 136
1775066644955 1.7944649290293455 137
1775066713298 1.7638785876639065 138
1775066783853 1.7320533470846102 139
1775066871614 1.5903341013510697 140
1775066954537 1.8512580389248543 141
1775067038925 1.5231872277303797 142
1775067125965 1.6769942960350728 143
1775067214047 1.6397416952875306 144
1775067301065 1.6260612426234073 145
1775067388674 1.4324602442259182 146
1775067472665 1.3815885858274386 147
1775067559728 1.6381812407100786 148
1775067646837 1.627064288731237 149
1775067735158 1.6183723551144853 150
1775067822485 1.531566955759877 151
1775067906937 1.3600844616589487 152
1775067995881 1.4708052593603975 153
1775068079046 1.383716923032017 154
1775068164837 1.4379190647302837 155
1775068254183 1.523832444437459 156
1775068340951 1.3989783949447705 157
1775068417980 1.4726343926072853 158
1775068481909 1.3428011256743406 159
1775068551088 1.4625712448089827 160
