1775086224357 0.0002 0
1775086382523 0.0004 1
1775086535635 0.0006 2
1775086690976 0.0008 3
1775086842462 0.001 4
1775086997473 0.0009999899300364532 5
1775087153030 0.0009999597205514296 6
1775087308213 0.000999909372761763 7
1775087467872 0.0009998388886954545 8
1775087626577 0.0009997482711915926 9
1775087790573 0.0009996375239002368 10
1775087947386 0.0009995066512822719 11
1775088107312 0.000999355658609228 12
1775088265394 0.0009991845519630679 13
1775088418858 0.0009989933382359422 14
1775088565879 0.0009987820251299122 15
1775088720181 0.0009985506211566387 16
1775088871854 0.0009982991356370402 17
1775089020559 0.000998027578700917 18
