1775086224357 58112.82004334106 0
1775086382523 27.249626439125812 1
1775086535635 31.617856683301145 2
1775086690976 47.533074994067675 3
1775086842462 48.867771892274014 4
1775086997473 48.01072786504128 5
1775087153030 49.23078122539599 6
1775087308213 30.77556716711795 7
1775087467872 28.96048313965563 8
1775087626577 27.19656606531534 9
1775087790573 24.503606540746375 10
1775087947386 22.87508521998515 11
1775088107312 21.895829590373353 12
1775088265394 18.723131894088183 13
1775088418858 16.646286591643193 14
1775088565879 16.828303114556874 15
1775088720181 18.114272857054335 16
1775088871854 15.489700458821703 17
1775089020559 15.178044070230156 18
1775089168293 14.109058099691985 19
1775089317554 14.649088237617837 20
1775089469691 14.169386006281025 21
1775089625433 13.544296463127019 22
1775089776170 13.092978274724523 23
1775089937204 11.292390043129686 24
1775090105094 11.721083707985331 25
1775090270072 11.93103139664306 26
1775090428053 11.648115212555792 27
1775090586911 10.025719664135917 28
1775090744342 10.23551214193223 29
1775090898078 10.445430460034824 30
1775091052398 9.998089907843559 31
1775091204858 9.405547508084384 32
1775091354539 9.597328032992902 33
1775091508178 9.197025737068692 34
1775091661773 9.957163150681824 35
1775091819446 8.277643401847511 36
1775091975577 8.37267435622997 37
1775092132452 8.914959298294098 38
1775092286336 7.964883714181478 39
1775092441222 8.04573640251746 40
1775092596181 7.86524169586721 41
1775092768654 8.530323922878406 42
1775092932175 6.918528550960978 43
1775093091820 6.663014314458018 44
1775093246635 7.399472097881505 45
1775093398292 7.007599649309624 46
1775093558190 7.0451280945515045 47
1775093721873 6.70470734600161 48
1775093885722 6.462079536536189 49
1775094047347 6.606355789499204 50
1775094210340 6.014893876602415 51
1775094366344 6.750605096887858 52
1775094517994 5.82092399492127 53
1775094668243 5.77568380192655 54
1775094821249 5.742251348055777 55
1775094978978 5.948120412218278 56
1775095147646 5.514868298759226 57
1775095320409 5.769144482910633 58
1775095492085 4.892003617447908 59
1775095672534 6.071427308084046 60
1775095851407 5.058862228862575 61
1775096022437 5.551361682351495 62
1775096190864 5.207943790576985 63
1775096356737 4.835891129907037 64
1775096522115 5.327694441390331 65
1775096691264 5.002936139641727 66
1775096847235 4.508522087066877 67
1775097003704 5.189062288489009 68
1775097155950 4.4423361354064745 69
1775097309030 4.734413275525707 70
1775097461706 4.7939532653230135 71
1775097619261 4.632783236195807 72
1775097767771 4.408634796677554 73
1775097915587 4.292885225205148 74
1775098062389 4.653994608426192 75
1775098208170 4.454398739472276 76
1775098354118 4.575578814464026 77
1775098499728 4.061491890581416 78
1775098645778 4.133988515153283 79
1775098790940 4.171758919465737 80
1775098932070 4.138377567417309 81
1775099076068 3.9471979164442077 82
1775099218085 3.8452500072536897 83
1775099362032 4.088967615097273 84
1775099513061 3.872132893102091 85
1775099660689 4.026630303165952 86
1775099808230 3.7685532747905275 87
1775099955245 3.694937483086938 88
1775100104107 3.6665265165635796 89
1775100252972 3.693236097937725 90
1775100405208 3.353681589736313 91
