1775123734844 0.0002 0
1775123850240 0.0004 1
1775123966339 0.0006 2
1775124083042 0.0008 3
1775124198237 0.001 4
1775124311479 0.0009999899300364532 5
1775124415598 0.0009999597205514296 6
1775124523970 0.000999909372761763 7
1775124638619 0.0009998388886954545 8
1775124755521 0.0009997482711915926 9
1775124871369 0.0009996375239002368 10
1775124987984 0.0009995066512822719 11
1775125104685 0.000999355658609228 12
1775125220596 0.0009991845519630679 13
1775125336972 0.0009989933382359422 14
1775125453057 0.0009987820251299122 15
1775125568922 0.0009985506211566387 16
1775125685588 0.0009982991356370402 17
1775125801891 0.000998027578700917 18
1775125917867 0.0009977359612865424 19
1775126033693 0.0009974242951402235 20
1775126149668 0.0009970925928158272 21
1775126265130 0.0009967408676742752 22
1775126370897 0.0009963691338830043 23
1775126475692 0.0009959774064153978 24
1775126586957 0.0009955657010501807 25
1775126702381 0.0009951340343707852 26
1775126818175 0.0009946824237646824 27
1775126935101 0.0009942108874226813 28
1775127051882 0.0009937194443381972 29
1775127168550 0.000993208114306486 30
1775127284740 0.0009926769179238466 31
1775127401057 0.0009921258765867918 32
1775127517873 0.0009915550124911866 33
1775127634102 0.0009909643486313534 34
1775127749272 0.0009903539087991462 35
1775127864256 0.0009897237175829927 36
1775127979203 0.0009890738003669028 37
1775128093196 0.0009884041833294476 38
1775128206990 0.0009877148934427035 39
1775128314985 0.0009870059584711668 40
1775128417828 0.0009862774069706345 41
1775128523170 0.000985529268287055 42
1775128637846 0.0009847615725553456 43
1775128751554 0.0009839743506981783 44
1775128864895 0.0009831676344247342 45
1775128977601 0.000982341456229428 46
1775129091421 0.0009814958493905962 47
1775129205284 0.0009806308479691594 48
1775129318620 0.0009797464868072487 49
1775129432959 0.0009788428015268028 50
1775129544410 0.0009779198285281327 51
1775129656575 0.0009769776049884564 52
1775129773374 0.0009760161688604008 53
1775129913135 0.0009750355588704727 54
1775130052544 0.0009740358145174998 55
1775130189748 0.0009730169760710386 56
1775130331400 0.0009719790845697534 57
1775130474927 0.0009709221818197624 58
1775130612662 0.0009698463103929542 59
1775130737854 0.0009687515136252732 60
1775130867188 0.0009676378356149733 61
1775131005075 0.0009665053212208426 62
1775131143823 0.0009653540160603955 63
1775131283053 0.0009641839665080363 64
1775131424581 0.0009629952196931902 65
1775131568050 0.0009617878234984055 66
1775131688762 0.0009605618265574251 67
1775131799952 0.0009593172782532268 68
1775131925462 0.0009580542287160348 69
1775132063847 0.0009567727288213005 70
1775132201552 0.0009554728301876525 71
1775132344065 0.0009541545851748186 72
1775132483527 0.0009528180468815154 73
1775132624172 0.0009514632691433108 74
1775132750634 0.0009500903065304539 75
1775132873388 0.0009486992143456792 76
1775132996519 0.0009472900486219768 77
1775133129614 0.0009458628661203367 78
1775133262846 0.0009444177243274617 79
1775133394994 0.0009429546814534529 80
1775133526311 0.0009414737964294635 81
1775133648980 0.0009399751289053266 82
1775133764799 0.0009384587392471515 83
1775133880710 0.0009369246885348925 84
1775133998625 0.0009353730385598887 85
1775134115638 0.0009338038518223745 86
1775134222207 0.0009322171915289634 87
1775134330405 0.0009306131215901003 88
1775134436207 0.0009289917066174886 89
1775134543019 0.0009273530119214868 90
1775134648969 0.0009256971035084784 91
1775134754303 0.0009240240480782129 92
1775134859560 0.0009223339130211192 93
1775134966359 0.0009206267664155906 94
1775135074027 0.0009189026770252437 95
1775135180442 0.0009171617142961477 96
1775135287133 0.0009154039483540273 97
1775135393370 0.0009136294500014386 98
1775135502625 0.0009118382907149164 99
1775135609440 0.0009100305426420956 100
1775135715200 0.0009082062785988049 101
1775135820878 0.0009063655720661341 102
1775135927553 0.0009045084971874737 103
1775136034055 0.0009026351287655293 104
1775136139722 0.0009007455422593077 105
1775136246296 0.0008988398137810777 106
