1775123734844 58822.311474463975 0
1775123850240 24.987066908937987 1
1775123966339 33.41196172696645 2
1775124083042 44.54357779710019 3
1775124198237 56.70807979341413 4
1775124311479 46.02342365315703 5
1775124415598 37.966268200854785 6
1775124523970 34.68144774778945 7
1775124638619 30.39582292613436 8
1775124755521 26.94452869305845 9
1775124871369 23.134440697607445 10
1775124987984 23.291373006144507 11
1775125104685 22.20930391892058 12
1775125220596 19.620713641897577 13
1775125336972 17.2993670330673 14
1775125453057 18.703570776054118 15
1775125568922 15.57672071627906 16
1775125685588 14.33289981694495 17
1775125801891 14.444863749087833 18
1775125917867 15.726006745314988 19
1775126033693 13.633909443851378 20
1775126149668 12.323426127433777 21
1775126265130 13.236585167832063 22
1775126370897 12.902301624661586 23
1775126475692 10.4383574467702 24
1775126586957 12.306658085008136 25
1775126702381 11.055406081627627 26
1775126818175 10.821580641826646 27
1775126935101 9.709245183917343 28
1775127051882 10.59319406552393 29
1775127168550 9.526877216139777 30
1775127284740 9.967108332231396 31
1775127401057 8.683865519454244 32
1775127517873 9.995472254323177 33
1775127634102 9.181502309246142 34
1775127749272 8.281020713389896 35
1775127864256 7.83585233119179 36
1775127979203 8.654753421173721 37
1775128093196 8.062459248621932 38
1775128206990 8.31588946539359 39
1775128314985 7.388239330322039 40
1775128417828 7.299797703618886 41
1775128523170 7.226278361971261 42
1775128637846 7.211902535841113 43
1775128751554 7.272511375609969 44
1775128864895 7.241681029195668 45
1775128977601 6.513607588092812 46
1775129091421 6.547524697834351 47
1775129205284 6.149263868199998 48
1775129318620 6.467593582927203 49
1775129432959 6.669073649850048 50
1775129544410 5.776336934051065 51
1775129656575 6.2378141701099326 52
1775129773374 5.991519461523314 53
1775129913135 5.805561153798318 54
1775130052544 5.355811251846493 55
1775130189748 5.723781901671261 56
1775130331400 5.089381792811586 57
1775130474927 5.203201623236547 58
1775130612662 5.95672203307269 59
1775130737854 4.697491026498744 60
1775130867188 5.318751331113401 61
1775131005075 5.0856229814349625 62
1775131143823 5.041075528095492 63
1775131283053 4.607055500027586 64
1775131424581 5.0796524576964925 65
1775131568050 4.9379578979655365 66
1775131688762 5.309066994207316 67
1775131799952 4.484218061214587 68
1775131925462 4.853553827424518 69
1775132063847 4.418442818168246 70
1775132201552 4.514781004520224 71
1775132344065 4.319425335673035 72
1775132483527 4.219785824051646 73
1775132624172 4.562635122141877 74
1775132750634 4.4165935760638755 75
1775132873388 4.266834354241852 76
1775132996519 4.465542404378047 77
1775133129614 3.9977152751239595 78
1775133262846 4.125399931166016 79
1775133394994 4.4020004522849305 80
1775133526311 4.315382612166835 81
1775133648980 3.928471710410763 82
1775133764799 3.631779141113406 83
1775133880710 3.9652831653346783 84
1775133998625 3.8930129319062976 85
1775134115638 4.021802233623677 86
1775134222207 3.560720848805103 87
1775134330405 3.6393626786646296 88
1775134436207 3.574350337024595 89
1775134543019 3.4053769145221984 90
1775134648969 3.726589613762058 91
1775134754303 3.5265356895254283 92
1775134859560 3.6322751767078385 93
1775134966359 3.4287560498494596 94
1775135074027 3.439272193024393 95
1775135180442 3.4150898760703745 96
1775135287133 3.2575637822757 97
1775135393370 3.220391649874996 98
1775135502625 3.2814593666278924 99
1775135609440 3.3599137682162348 100
1775135715200 3.31728118328286 101
1775135820878 2.9800365812710075 102
1775135927553 3.481959935033419 103
1775136034055 3.0550752523065103 104
1775136139722 3.513518082832948 105
1775136246296 2.8017300504763596 106
