1775086162907 0.0002 0
1775086256790 0.0004 1
1775086348989 0.0006 2
1775086439404 0.0008 3
1775086533403 0.001 4
1775086625835 0.0009999899300364532 5
1775086719012 0.0009999597205514296 6
1775086815972 0.000999909372761763 7
1775086909535 0.0009998388886954545 8
1775087002817 0.0009997482711915926 9
1775087104556 0.0009996375239002368 10
1775087207303 0.0009995066512822719 11
1775087309112 0.000999355658609228 12
1775087409130 0.0009991845519630679 13
1775087508214 0.0009989933382359422 14
1775087609893 0.0009987820251299122 15
1775087710137 0.0009985506211566387 16
1775087811555 0.0009982991356370402 17
1775087911515 0.000998027578700917 18
1775088009049 0.0009977359612865424 19
1775088107511 0.0009974242951402235 20
1775088203886 0.0009970925928158272 21
1775088295337 0.0009967408676742752 22
1775088388146 0.0009963691338830043 23
1775088484204 0.0009959774064153978 24
1775088580127 0.0009955657010501807 25
1775088673249 0.0009951340343707852 26
1775088767109 0.0009946824237646824 27
1775088858136 0.0009942108874226813 28
1775088948238 0.0009937194443381972 29
1775089039007 0.000993208114306486 30
1775089126695 0.0009926769179238466 31
1775089214455 0.0009921258765867918 32
1775089300532 0.0009915550124911866 33
1775089388363 0.0009909643486313534 34
1775089475865 0.0009903539087991462 35
1775089561474 0.0009897237175829927 36
1775089648372 0.0009890738003669028 37
1775089734751 0.0009884041833294476 38
1775089820964 0.0009877148934427035 39
1775089907118 0.0009870059584711668 40
1775089991661 0.0009862774069706345 41
1775090076692 0.000985529268287055 42
1775090162114 0.0009847615725553456 43
1775090257988 0.0009839743506981783 44
1775090346874 0.0009831676344247342 45
1775090435430 0.000982341456229428 46
1775090524390 0.0009814958493905962 47
1775090614197 0.0009806308479691594 48
1775090702077 0.0009797464868072487 49
1775090789004 0.0009788428015268028 50
1775090876386 0.0009779198285281327 51
1775090964150 0.0009769776049884564 52
1775091055534 0.0009760161688604008 53
1775091146388 0.0009750355588704727 54
1775091237692 0.0009740358145174998 55
1775091333972 0.0009730169760710386 56
1775091425017 0.0009719790845697534 57
1775091518426 0.0009709221818197624 58
1775091611424 0.0009698463103929542 59
1775091710806 0.0009687515136252732 60
1775091805559 0.0009676378356149733 61
1775091901520 0.0009665053212208426 62
1775091994217 0.0009653540160603955 63
1775092085906 0.0009641839665080363 64
1775092179225 0.0009629952196931902 65
1775092272147 0.0009617878234984055 66
1775092366424 0.0009605618265574251 67
1775092465058 0.0009593172782532268 68
1775092563745 0.0009580542287160348 69
1775092668928 0.0009567727288213005 70
1775092803495 0.0009554728301876525 71
1775092918955 0.0009541545851748186 72
1775093026901 0.0009528180468815154 73
1775093133122 0.0009514632691433108 74
1775093236186 0.0009500903065304539 75
1775093339500 0.0009486992143456792 76
1775093443167 0.0009472900486219768 77
1775093545379 0.0009458628661203367 78
1775093651640 0.0009444177243274617 79
1775093765278 0.0009429546814534529 80
1775093877271 0.0009414737964294635 81
1775093985979 0.0009399751289053266 82
1775094089941 0.0009384587392471515 83
1775094191738 0.0009369246885348925 84
1775094296266 0.0009353730385598887 85
1775094407695 0.0009338038518223745 86
1775094518349 0.0009322171915289634 87
1775094625203 0.0009306131215901003 88
1775094737184 0.0009289917066174886 89
1775094850573 0.0009273530119214868 90
1775094958815 0.0009256971035084784 91
1775095064799 0.0009240240480782129 92
1775095170588 0.0009223339130211192 93
1775095274439 0.0009206267664155906 94
1775095376365 0.0009189026770252437 95
1775095479339 0.0009171617142961477 96
1775095586053 0.0009154039483540273 97
1775095693898 0.0009136294500014386 98
1775095806997 0.0009118382907149164 99
1775095914968 0.0009100305426420956 100
1775096029467 0.0009082062785988049 101
1775096135552 0.0009063655720661341 102
1775096243396 0.0009045084971874737 103
1775096353076 0.0009026351287655293 104
1775096464060 0.0009007455422593077 105
1775096575731 0.0008988398137810777 106
1775096687292 0.0008969180200933046 107
1775096797001 0.0008949802386055581 108
1775096892722 0.0008930265473713938 109
1775096987339 0.0008910570250852097 110
1775097089373 0.0008890717510790764 111
1775097192300 0.0008870708053195413 112
1775097293941 0.0008850542684044079 113
1775097393748 0.000883022221559489 114
1775097493115 0.0008809747466353355 115
1775097593055 0.0008789119261039385 116
1775097693470 0.0008768338430554083 117
1775097789544 0.0008747405811946271 118
1775097885359 0.0008726322248378774 119
1775097983011 0.0008705088589094458 120
1775098077219 0.0008683705689382025 121
1775098169338 0.0008662174410541554 122
1775098261556 0.0008640495619849821 123
1775098353193 0.000861867019052535 124
1775098443935 0.0008596699001693256 125
1775098534161 0.0008574582938349817 126
1775098622858 0.0008552322891326845 127
1775098711640 0.0008529919757255782 128
