1775086162907 103366.12311089625 0
1775086256790 54.808586226135006 1
1775086348989 19.31293552136812 2
1775086439404 10.125159962744009 3
1775086533403 9.037054882186357 4
1775086625835 8.298884983678333 5
1775086719012 7.983689746773634 6
1775086815972 7.44655016455494 7
1775086909535 8.06442784615716 8
1775087002817 6.52541140015008 9
1775087104556 6.852858486844868 10
1775087207303 5.716499949087862 11
1775087309112 6.483834190446823 12
1775087409130 5.819149458139647 13
1775087508214 5.866202089019486 14
1775087609893 5.490972110604654 15
1775087710137 5.8616160817566465 16
1775087811555 5.366260521236013 17
1775087911515 4.956695965567573 18
1775088009049 4.568690293697549 19
1775088107511 4.896436089558191 20
1775088203886 4.845559036328655 21
1775088295337 4.168733320275291 22
1775088388146 4.653247144745022 23
1775088484204 3.9816630577943366 24
1775088580127 4.223446583528011 25
1775088673249 3.388722134051753 26
1775088767109 4.370522892804908 27
1775088858136 3.241094532071567 28
1775088948238 3.9248545293803097 29
1775089039007 3.7359736184360552 30
1775089126695 3.6961212936849868 31
1775089214455 3.577330136946479 32
1775089300532 3.5068714984494154 33
1775089388363 3.4377929624475416 34
1775089475865 3.232242280525751 35
1775089561474 3.294698545495506 36
1775089648372 3.1469114639597837 37
1775089734751 3.172085326897805 38
1775089820964 3.073039768721725 39
1775089907118 3.0575446756403952 40
1775089991661 2.76660985786651 41
1775090076692 2.9452854612628454 42
1775090162114 2.773172422999241 43
1775090257988 3.0922006422989683 44
1775090346874 2.7230307866559653 45
1775090435430 2.8583789738963863 46
1775090524390 2.5284069935928604 47
1775090614197 2.9069599559316868 48
1775090702077 2.5972158896019226 49
1775090789004 2.506571037786417 50
1775090876386 2.7381237578563025 51
1775090964150 2.577230987795552 52
1775091055534 2.5066171861330018 53
1775091146388 2.565366802370695 54
1775091237692 2.4587339268783563 55
1775091333972 2.278367484629643 56
1775091425017 2.323969552323955 57
1775091518426 2.353949315968107 58
1775091611424 2.3541065827622765 59
1775091710806 2.1937873815720685 60
1775091805559 2.262919916236987 61
1775091901520 2.164367120774066 62
1775091994217 2.27616447866818 63
1775092085906 2.29576796354329 64
1775092179225 2.021301503216878 65
1775092272147 2.197466379367426 66
1775092366424 1.9498917293414229 67
1775092465058 1.998401954892229 68
1775092563745 2.233000636772543 69
1775092668928 2.1333715147415147 70
1775092803495 2.034055690876529 71
1775092918955 1.9824595028442926 72
1775093026901 1.9009783009647345 73
1775093133122 1.8469288314646872 74
1775093236186 1.9817381114622608 75
1775093339500 1.9801694667730174 76
1775093443167 1.8158803416080163 77
1775093545379 2.200840658004411 78
1775093651640 1.7271053793794306 79
1775093765278 1.78652188523871 80
1775093877271 1.7399067382832043 81
1775093985979 1.5088137783049071 82
1775094089941 1.848411615724202 83
1775094191738 1.7123651350161335 84
1775094296266 1.6876813972552047 85
1775094407695 1.8903537534299444 86
1775094518349 1.534640386486884 87
1775094625203 1.7102324206259896 88
1775094737184 1.6883185346778788 89
1775094850573 1.4580021966859453 90
1775094958815 1.7991902032164766 91
1775095064799 1.665580578667463 92
1775095170588 1.4272140271839548 93
1775095274439 1.5602454916558792 94
1775095376365 1.5238917211956176 95
1775095479339 1.5462969818808994 96
1775095586053 1.649500716752449 97
1775095693898 1.3600606469468015 98
1775095806997 1.6186533438988397 99
1775095914968 1.4857556604795525 100
1775096029467 1.4806633859139975 101
1775096135552 1.4128066103172596 102
1775096243396 1.3714685937481337 103
1775096353076 1.4974430387564859 104
1775096464060 1.2323337535633416 105
1775096575731 1.4170465981435092 106
1775096687292 1.3071523824187576 107
1775096797001 1.3695833537971875 108
1775096892722 1.4307598545841995 109
1775096987339 1.4622107627419907 110
1775097089373 1.2073389736049978 111
1775097192300 1.4251709387133844 112
1775097293941 1.4595118099060216 113
1775097393748 1.2164953329340844 114
1775097493115 1.1798563965092428 115
1775097593055 1.4208705847258452 116
1775097693470 1.3000320239969698 117
1775097789544 1.2965006391349874 118
1775097885359 1.222353237971175 119
1775097983011 1.241913973475944 120
1775098077219 1.3014027583489165 121
1775098169338 1.16338765749433 122
1775098261556 1.1796727686448665 123
1775098353193 1.1801984294882564 124
1775098443935 1.2767297156826882 125
1775098534161 1.1632310829323824 126
1775098622858 1.1384816552039052 127
1775098711640 1.0499529782835333 128
