1775086175820 0.0002 0
1775086278642 0.0004 1
1775086384578 0.0006 2
1775086488636 0.0008 3
1775086591061 0.001 4
1775086692527 0.0009999899300364532 5
1775086796913 0.0009999597205514296 6
1775086898078 0.000999909372761763 7
1775086997774 0.0009998388886954545 8
1775087100284 0.0009997482711915926 9
1775087202181 0.0009996375239002368 10
1775087310469 0.0009995066512822719 11
1775087415201 0.000999355658609228 12
1775087517292 0.0009991845519630679 13
1775087618664 0.0009989933382359422 14
1775087720423 0.0009987820251299122 15
1775087824397 0.0009985506211566387 16
1775087927957 0.0009982991356370402 17
1775088033066 0.000998027578700917 18
1775088139475 0.0009977359612865424 19
1775088247766 0.0009974242951402235 20
1775088352657 0.0009970925928158272 21
1775088455033 0.0009967408676742752 22
1775088559013 0.0009963691338830043 23
1775088662141 0.0009959774064153978 24
1775088765318 0.0009955657010501807 25
1775088866705 0.0009951340343707852 26
1775088967097 0.0009946824237646824 27
1775089066000 0.0009942108874226813 28
1775089165053 0.0009937194443381972 29
1775089263226 0.000993208114306486 30
1775089363116 0.0009926769179238466 31
1775089461387 0.0009921258765867918 32
1775089561324 0.0009915550124911866 33
1775089661924 0.0009909643486313534 34
1775089764392 0.0009903539087991462 35
1775089870147 0.0009897237175829927 36
1775089976103 0.0009890738003669028 37
1775090087585 0.0009884041833294476 38
1775090196822 0.0009877148934427035 39
1775090304944 0.0009870059584711668 40
1775090412141 0.0009862774069706345 41
1775090519639 0.000985529268287055 42
1775090625585 0.0009847615725553456 43
1775090731223 0.0009839743506981783 44
1775090837521 0.0009831676344247342 45
1775090942992 0.000982341456229428 46
1775091050055 0.0009814958493905962 47
1775091159434 0.0009806308479691594 48
1775091270846 0.0009797464868072487 49
1775091382786 0.0009788428015268028 50
1775091489485 0.0009779198285281327 51
1775091598470 0.0009769776049884564 52
1775091707752 0.0009760161688604008 53
1775091815752 0.0009750355588704727 54
1775091926799 0.0009740358145174998 55
1775092036479 0.0009730169760710386 56
1775092143286 0.0009719790845697534 57
1775092248681 0.0009709221818197624 58
1775092356874 0.0009698463103929542 59
1775092461876 0.0009687515136252732 60
1775092567321 0.0009676378356149733 61
1775092678272 0.0009665053212208426 62
1775092799431 0.0009653540160603955 63
1775092908291 0.0009641839665080363 64
1775093014550 0.0009629952196931902 65
1775093115779 0.0009617878234984055 66
1775093216131 0.0009605618265574251 67
1775093318846 0.0009593172782532268 68
1775093417911 0.0009580542287160348 69
1775093532622 0.0009567727288213005 70
1775093643143 0.0009554728301876525 71
1775093749854 0.0009541545851748186 72
1775093857625 0.0009528180468815154 73
1775093963142 0.0009514632691433108 74
1775094065369 0.0009500903065304539 75
1775094166809 0.0009486992143456792 76
1775094267648 0.0009472900486219768 77
1775094369981 0.0009458628661203367 78
1775094473759 0.0009444177243274617 79
1775094584873 0.0009429546814534529 80
1775094692377 0.0009414737964294635 81
1775094799102 0.0009399751289053266 82
1775094910124 0.0009384587392471515 83
1775095016317 0.0009369246885348925 84
1775095130801 0.0009353730385598887 85
1775095244022 0.0009338038518223745 86
1775095354306 0.0009322171915289634 87
1775095459686 0.0009306131215901003 88
1775095564810 0.0009289917066174886 89
1775095669061 0.0009273530119214868 90
1775095777574 0.0009256971035084784 91
1775095884864 0.0009240240480782129 92
1775095988889 0.0009223339130211192 93
1775096099341 0.0009206267664155906 94
1775096222267 0.0009189026770252437 95
1775096346148 0.0009171617142961477 96
1775096466677 0.0009154039483540273 97
1775096583042 0.0009136294500014386 98
1775096702869 0.0009118382907149164 99
1775096820185 0.0009100305426420956 100
1775096934706 0.0009082062785988049 101
1775097048599 0.0009063655720661341 102
1775097156464 0.0009045084971874737 103
1775097267119 0.0009026351287655293 104
1775097378622 0.0009007455422593077 105
1775097484687 0.0008988398137810777 106
1775097594020 0.0008969180200933046 107
1775097717082 0.0008949802386055581 108
1775097828318 0.0008930265473713938 109
1775097940610 0.0008910570250852097 110
1775098052134 0.0008890717510790764 111
1775098166655 0.0008870708053195413 112
1775098280998 0.0008850542684044079 113
1775098395823 0.000883022221559489 114
1775098508225 0.0008809747466353355 115
1775098622360 0.0008789119261039385 116
1775098736050 0.0008768338430554083 117
1775098847298 0.0008747405811946271 118
1775098955875 0.0008726322248378774 119
1775099060193 0.0008705088589094458 120
1775099163200 0.0008683705689382025 121
1775099266189 0.0008662174410541554 122
1775099376761 0.0008640495619849821 123
1775099487371 0.000861867019052535 124
1775099598203 0.0008596699001693256 125
1775099709549 0.0008574582938349817 126
1775099818983 0.0008552322891326845 127
1775099928254 0.0008529919757255782 128
1775100037289 0.0008507374438531607 129
