1775086175820 81476.74021721668 0
1775086278642 21.309958431564393 1
1775086384578 12.456817008921357 2
1775086488636 16.672627956163687 3
1775086591061 24.662214168515362 4
1775086692527 21.248698920988645 5
1775086796913 21.513881141777897 6
1775086898078 17.097837232419703 7
1775086997774 17.64817619641296 8
1775087100284 15.270132445287508 9
1775087202181 13.175037978613963 10
1775087310469 11.965371927765549 11
1775087415201 10.599158128265474 12
1775087517292 12.031290945703866 13
1775087618664 12.00127594795872 14
1775087720423 10.358024769630589 15
1775087824397 8.748666789321625 16
1775087927957 10.56667835998242 17
1775088033066 8.621730924263352 18
1775088139475 8.518203233719849 19
1775088247766 8.051465328599585 20
1775088352657 8.220370794295288 21
1775088455033 8.262898358775944 22
1775088559013 7.35704405972215 23
1775088662141 6.958729951352369 24
1775088765318 6.885376329793305 25
1775088866705 6.84650625202988 26
1775088967097 6.7349691007469525 27
1775089066000 5.5095236383256365 28
1775089165053 6.5812660044089695 29
1775089263226 6.003171004171743 30
1775089363116 5.748107282658581 31
1775089461387 6.157819978159959 32
1775089561324 5.688155100482409 33
1775089661924 5.252206355089047 34
1775089764392 5.653085211261374 35
1775089870147 5.3785464604858495 36
1775089976103 5.092467018571056 37
1775090087585 5.0132838931606445 38
1775090196822 4.8254416440842585 39
1775090304944 5.495710859227865 40
1775090412141 4.771756558755382 41
1775090519639 4.678459096638883 42
1775090625585 5.211492534971139 43
1775090731223 4.417313544598759 44
1775090837521 4.305563837411951 45
1775090942992 4.806916424790855 46
1775091050055 3.8885440927792767 47
1775091159434 4.951770224959636 48
1775091270846 4.034854014816343 49
1775091382786 3.8300647594523234 50
1775091489485 4.410437091940739 51
1775091598470 3.9924250493039852 52
1775091707752 3.8107545808812633 53
1775091815752 4.178576474184872 54
1775091926799 3.7995195658724814 55
1775092036479 4.093541679751189 56
1775092143286 3.4280378164448697 57
1775092248681 3.719803535242061 58
1775092356874 3.9231502327640526 59
1775092461876 3.691013584005051 60
1775092567321 3.165633607411482 61
1775092678272 3.5274364040156856 62
1775092799431 3.2777357816574026 63
1775092908291 3.15535095877579 64
1775093014550 3.4105687638530964 65
1775093115779 3.270196691033293 66
1775093216131 3.148908962785709 67
1775093318846 3.2184738570549447 68
1775093417911 3.285788647952627 69
1775093532622 2.916656298165927 70
1775093643143 2.9669270352078754 71
1775093749854 2.899834361171625 72
1775093857625 3.138853399052483 73
1775093963142 2.9117015801736565 74
1775094065369 2.9321760110190658 75
1775094166809 2.905280595187281 76
1775094267648 2.830708188172735 77
1775094369981 2.944384381113971 78
1775094473759 2.74015712163976 79
1775094584873 2.8502281326495233 80
1775094692377 2.7019243150277705 81
1775094799102 2.5990571833414133 82
1775094910124 2.8521350763249593 83
1775095016317 2.8592044889132997 84
1775095130801 2.5860020264861037 85
1775095244022 2.558430335805064 86
1775095354306 2.6322188947471927 87
1775095459686 2.727040695759361 88
1775095564810 2.5438800005578117 89
1775095669061 2.457167370641818 90
1775095777574 2.4177617935738605 91
1775095884864 2.4341099763014276 92
1775095988889 2.572685036930393 93
1775096099341 2.3433534076406817 94
1775096222267 2.502358372063666 95
1775096346148 2.0134793788377867 96
1775096466677 2.4602276955838085 97
1775096583042 2.4139676241845383 98
1775096702869 2.270651506901276 99
1775096820185 2.355207643700672 100
1775096934706 2.1816454769463323 101
1775097048599 2.1485569670674254 102
1775097156464 2.1704966022220793 103
1775097267119 2.2006078964313036 104
1775097378622 2.109329161585354 105
1775097484687 2.2855482522215023 106
1775097594020 2.1230454047012035 107
1775097717082 2.140486160568038 108
1775097828318 1.989577664276127 109
1775097940610 2.008636770067645 110
1775098052134 2.0950002482802166 111
1775098166655 1.8476079703293373 112
1775098280998 2.314955715334318 113
1775098395823 1.87452972170393 114
1775098508225 2.0675399732150015 115
1775098622360 1.902024884631888 116
1775098736050 1.9440018060143853 117
1775098847298 1.7487755124380842 118
1775098955875 1.924308098761029 119
1775099060193 1.9031865899985443 120
1775099163200 1.828725161672127 121
1775099266189 1.7907626959876937 122
1775099376761 1.9046342544501922 123
1775099487371 1.8060655767922518 124
1775099598203 2.04079896275748 125
1775099709549 1.8282796993057748 126
1775099818983 1.569091626366631 127
1775099928254 1.8539473013494348 128
1775100037289 1.7841349059838008 129
