1775056926903 0.0002 0
1775057024480 0.0004 1
1775057117904 0.0006 2
1775057214759 0.0008 3
1775057314766 0.001 4
1775057405671 0.0009999899300364532 5
1775057500677 0.0009999597205514296 6
1775057599640 0.000999909372761763 7
1775057692765 0.0009998388886954545 8
1775057792824 0.0009997482711915926 9
1775057894369 0.0009996375239002368 10
1775057996530 0.0009995066512822719 11
1775058098543 0.000999355658609228 12
1775058199970 0.0009991845519630679 13
1775058301857 0.0009989933382359422 14
1775058402934 0.0009987820251299122 15
1775058502631 0.0009985506211566387 16
1775058604806 0.0009982991356370402 17
1775058703663 0.000998027578700917 18
1775058802618 0.0009977359612865424 19
1775058904758 0.0009974242951402235 20
1775059008131 0.0009970925928158272 21
1775059106686 0.0009967408676742752 22
1775059208451 0.0009963691338830043 23
1775059309699 0.0009959774064153978 24
1775059410765 0.0009955657010501807 25
1775059510688 0.0009951340343707852 26
1775059614961 0.0009946824237646824 27
1775059715519 0.0009942108874226813 28
1775059817236 0.0009937194443381972 29
1775059915881 0.000993208114306486 30
1775060017703 0.0009926769179238466 31
1775060117626 0.0009921258765867918 32
1775060219930 0.0009915550124911866 33
1775060323076 0.0009909643486313534 34
1775060420948 0.0009903539087991462 35
1775060521690 0.0009897237175829927 36
1775060625688 0.0009890738003669028 37
1775060727156 0.0009884041833294476 38
1775060828752 0.0009877148934427035 39
1775060932887 0.0009870059584711668 40
1775061035173 0.0009862774069706345 41
1775061139432 0.000985529268287055 42
1775061238817 0.0009847615725553456 43
1775061341939 0.0009839743506981783 44
1775061443486 0.0009831676344247342 45
1775061540465 0.000982341456229428 46
1775061639064 0.0009814958493905962 47
1775061743586 0.0009806308479691594 48
1775061849646 0.0009797464868072487 49
1775061949573 0.0009788428015268028 50
1775062061137 0.0009779198285281327 51
1775062174501 0.0009769776049884564 52
1775062294418 0.0009760161688604008 53
1775062414000 0.0009750355588704727 54
1775062527156 0.0009740358145174998 55
1775062649175 0.0009730169760710386 56
1775062765390 0.0009719790845697534 57
1775062881986 0.0009709221818197624 58
1775062991545 0.0009698463103929542 59
1775063101114 0.0009687515136252732 60
1775063218358 0.0009676378356149733 61
1775063324729 0.0009665053212208426 62
1775063431968 0.0009653540160603955 63
1775063538505 0.0009641839665080363 64
1775063653287 0.0009629952196931902 65
1775063770488 0.0009617878234984055 66
1775063887867 0.0009605618265574251 67
1775064005364 0.0009593172782532268 68
1775064124227 0.0009580542287160348 69
1775064242020 0.0009567727288213005 70
1775064364992 0.0009554728301876525 71
1775064485359 0.0009541545851748186 72
1775064602815 0.0009528180468815154 73
1775064716681 0.0009514632691433108 74
1775064824172 0.0009500903065304539 75
1775064931652 0.0009486992143456792 76
1775065033852 0.0009472900486219768 77
1775065133391 0.0009458628661203367 78
1775065238602 0.0009444177243274617 79
1775065335356 0.0009429546814534529 80
1775065433878 0.0009414737964294635 81
1775065535122 0.0009399751289053266 82
1775065666295 0.0009384587392471515 83
1775065812348 0.0009369246885348925 84
1775065988847 0.0009353730385598887 85
1775066159982 0.0009338038518223745 86
1775066327069 0.0009322171915289634 87
1775066499011 0.0009306131215901003 88
1775066656846 0.0009289917066174886 89
1775066797159 0.0009273530119214868 90
