1775056926903 40354.30872210714 0
1775057024480 37.70931251518062 1
1775057117904 114.45167512190146 2
1775057214759 126.75519607301618 3
1775057314766 126.28425732596976 4
1775057405671 131.29010026767605 5
1775057500677 81.5271632124166 6
1775057599640 80.28923214068178 7
1775057692765 71.71513174400955 8
1775057792824 58.686586208030825 9
1775057894369 56.92703375269155 10
1775057996530 57.731355981748614 11
1775058098543 50.461386414824936 12
1775058199970 46.29253719673782 13
1775058301857 42.55231228226521 14
1775058402934 44.13250858080192 15
1775058502631 40.39697347898952 16
1775058604806 37.42684556617112 17
1775058703663 37.66304453865426 18
1775058802618 36.17084958123379 19
1775058904758 33.975584035036995 20
1775059008131 30.358327157184725 21
1775059106686 32.76861770035791 22
1775059208451 28.625760853290558 23
1775059309699 28.34193232997519 24
1775059410765 30.782489038881707 25
1775059510688 29.509670217506223 26
1775059614961 26.047592448406533 27
1775059715519 23.789138445111572 28
1775059817236 20.923732033518494 29
1775059915881 22.130521908158162 30
1775060017703 22.127107327101662 31
1775060117626 21.385180258360066 32
1775060219930 20.397086469853512 33
1775060323076 17.606032341962955 34
1775060420948 17.22116395293689 35
1775060521690 14.902378187804926 36
1775060625688 15.946899598983467 37
1775060727156 16.124924524152867 38
1775060828752 14.57640904872144 39
1775060932887 15.28762513545693 40
1775061035173 14.24568411854447 41
1775061139432 13.223633880253699 42
1775061238817 13.0865811539478 43
1775061341939 14.237221887487857 44
1775061443486 12.607629264964432 45
1775061540465 12.416780332805681 46
1775061639064 12.648662686592242 47
1775061743586 11.10499617310821 48
1775061849646 12.382761586518562 49
1775061949573 10.237403749564631 50
1775062061137 11.159927827901528 51
1775062174501 9.90246377396779 52
1775062294418 11.265245527029037 53
1775062414000 11.635379449632325 54
1775062527156 8.894514830630333 55
1775062649175 10.052639467550106 56
1775062765390 9.607737660896582 57
1775062881986 9.546276592573182 58
1775062991545 8.97937204041442 59
1775063101114 8.96817199507209 60
1775063218358 8.668836033124416 61
1775063324729 8.067137930969723 62
1775063431968 7.851014080350517 63
1775063538505 8.463063702109407 64
1775063653287 8.178528449330173 65
1775063770488 7.28999339215091 66
1775063887867 7.894784243869 67
1775064005364 6.491283488322477 68
1775064124227 7.33162885342465 69
1775064242020 6.7307572824056034 70
1775064364992 7.746580834515759 71
1775064485359 6.1381998923225485 72
1775064602815 7.126973586614992 73
1775064716681 6.575577795749805 74
1775064824172 6.704626535050204 75
1775064931652 6.375172907700304 76
1775065033852 6.7432886424978244 77
1775065133391 5.798796757933546 78
1775065238602 7.601576664836192 79
1775065335356 6.191317238768593 80
1775065433878 5.899608141086141 81
1775065535122 5.945610333356212 82
1775065666295 7.2333053873210655 83
1775065812348 4.880332610524092 84
1775065988847 5.774561119067376 85
1775066159982 5.574504548836439 86
1775066327069 4.434733787154565 87
1775066499011 6.162081887121083 88
1775066656846 5.34057782920169 89
1775066797159 5.243125336947011 90
