1775065365641 0.0002 0
1775065500144 0.0004 1
1775065646271 0.0006 2
1775065812845 0.0008 3
1775065990919 0.001 4
1775066153670 0.0009999899300364532 5
1775066314936 0.0009999597205514296 6
1775066473952 0.000999909372761763 7
1775066598827 0.0009998388886954545 8
1775066700875 0.0009997482711915926 9
1775066782734 0.0009996375239002368 10
1775066871318 0.0009995066512822719 11
1775066971734 0.000999355658609228 12
1775067107100 0.0009991845519630679 13
1775067259484 0.0009989933382359422 14
1775067416717 0.0009987820251299122 15
1775067581479 0.0009985506211566387 16
1775067745749 0.0009982991356370402 17
1775067901645 0.000998027578700917 18
1775068063632 0.0009977359612865424 19
1775068198111 0.0009974242951402235 20
1775068303251 0.0009970925928158272 21
1775068389038 0.0009967408676742752 22
1775068488099 0.0009963691338830043 23
1775068599878 0.0009959774064153978 24
1775068726511 0.0009955657010501807 25
1775068846764 0.0009951340343707852 26
1775068985250 0.0009946824237646824 27
1775069128646 0.0009942108874226813 28
1775069294811 0.0009937194443381972 29
1775069475026 0.000993208114306486 30
1775069655843 0.0009926769179238466 31
1775069812018 0.0009921258765867918 32
1775069958331 0.0009915550124911866 33
1775070074417 0.0009909643486313534 34
1775070194430 0.0009903539087991462 35
1775070308158 0.0009897237175829927 36
1775070436938 0.0009890738003669028 37
1775070587064 0.0009884041833294476 38
1775070735663 0.0009877148934427035 39
1775070907941 0.0009870059584711668 40
1775071085321 0.0009862774069706345 41
1775071248230 0.000985529268287055 42
1775071412437 0.0009847615725553456 43
1775071573931 0.0009839743506981783 44
1775071715389 0.0009831676344247342 45
1775071803554 0.000982341456229428 46
1775071892145 0.0009814958493905962 47
1775071989110 0.0009806308479691594 48
1775072120346 0.0009797464868072487 49
1775072239204 0.0009788428015268028 50
1775072351212 0.0009779198285281327 51
