1775065365641 43476.978791616 0
1775065500144 51.96648662989257 1
1775065646271 91.8011292258247 2
1775065812845 90.64987094871333 3
1775065990919 92.73481597665881 4
1775066153670 93.15838030908928 5
1775066314936 72.92422216739811 6
1775066473952 58.05053072581526 7
1775066598827 49.11649438299116 8
1775066700875 48.242149112654516 9
1775066782734 38.37811540971037 10
1775066871318 34.060505259721005 11
1775066971734 31.67312138197852 12
1775067107100 27.356477099852484 13
1775067259484 31.240654519346894 14
1775067416717 28.302781631712055 15
1775067581479 24.819607416870163 16
1775067745749 20.769809007644653 17
1775067901645 21.522779137384696 18
1775068063632 19.40402431737204 19
1775068198111 18.637413142645947 20
1775068303251 19.689988362496017 21
1775068389038 15.36325504814015 22
1775068488099 20.00815363716884 23
1775068599878 17.168046812053586 24
1775068726511 14.463641072394418 25
1775068846764 15.304868530543125 26
1775068985250 15.907283885312863 27
1775069128646 13.658052007438707 28
1775069294811 14.55730285752015 29
1775069475026 13.463498687402147 30
1775069655843 13.092421217897876 31
1775069812018 15.501740972526738 32
1775069958331 12.509249110935164 33
1775070074417 10.897672635121424 34
1775070194430 11.084617481612769 35
1775070308158 11.207986400019927 36
1775070436938 9.881598728846331 37
1775070587064 11.053801629631245 38
1775070735663 10.892275937756555 39
1775070907941 9.910571051425622 40
1775071085321 10.013950702596883 41
1775071248230 9.880830937233128 42
1775071412437 9.368058450031477 43
1775071573931 8.81463706163598 44
1775071715389 9.65598818769709 45
1775071803554 9.338236370658288 46
1775071892145 8.50757120769532 47
1775071989110 8.464990728214138 48
1775072120346 8.099792958649456 49
1775072239204 8.887777682821282 50
1775072351212 7.762475398476006 51
