1775061949335 0.0002 0
1775062070758 0.0004 1
1775062189849 0.0006 2
1775062314168 0.0008 3
1775062434970 0.001 4
1775062549474 0.0009999899300364532 5
1775062663396 0.0009999597205514296 6
1775062769143 0.000999909372761763 7
1775062881048 0.0009998388886954545 8
1775062992651 0.0009997482711915926 9
1775063095663 0.0009996375239002368 10
1775063198156 0.0009995066512822719 11
1775063301555 0.000999355658609228 12
1775063411008 0.0009991845519630679 13
1775063520076 0.0009989933382359422 14
1775063637228 0.0009987820251299122 15
1775063763339 0.0009985506211566387 16
1775063892097 0.0009982991356370402 17
1775064014925 0.000998027578700917 18
1775064117768 0.0009977359612865424 19
1775064227393 0.0009974242951402235 20
1775064347155 0.0009970925928158272 21
1775064462821 0.0009967408676742752 22
1775064578847 0.0009963691338830043 23
1775064688352 0.0009959774064153978 24
1775064801056 0.0009955657010501807 25
1775064898148 0.0009951340343707852 26
1775064980708 0.0009946824237646824 27
1775065060745 0.0009942108874226813 28
1775065141788 0.0009937194443381972 29
1775065237034 0.000993208114306486 30
1775065360599 0.0009926769179238466 31
1775065502514 0.0009921258765867918 32
1775065639862 0.0009915550124911866 33
1775065779371 0.0009909643486313534 34
1775065930149 0.0009903539087991462 35
1775066080335 0.0009897237175829927 36
1775066228626 0.0009890738003669028 37
1775066356918 0.0009884041833294476 38
1775066460142 0.0009877148934427035 39
1775066553462 0.0009870059584711668 40
1775066640247 0.0009862774069706345 41
1775066745684 0.000985529268287055 42
1775066876350 0.0009847615725553456 43
1775067017038 0.0009839743506981783 44
1775067181545 0.0009831676344247342 45
1775067341976 0.000982341456229428 46
1775067501477 0.0009814958493905962 47
1775067659902 0.0009806308479691594 48
1775067819343 0.0009797464868072487 49
1775067965043 0.0009788428015268028 50
1775068083441 0.0009779198285281327 51
1775068173322 0.0009769776049884564 52
1775068263774 0.0009760161688604008 53
1775068371845 0.0009750355588704727 54
1775068495521 0.0009740358145174998 55
1775068645113 0.0009730169760710386 56
1775068808050 0.0009719790845697534 57
1775068975671 0.0009709221818197624 58
1775069137672 0.0009698463103929542 59
1775069290627 0.0009687515136252732 60
1775069454970 0.0009676378356149733 61
1775069602436 0.0009665053212208426 62
1775069700397 0.0009653540160603955 63
1775069787381 0.0009641839665080363 64
1775069875166 0.0009629952196931902 65
1775069988656 0.0009617878234984055 66
1775070141336 0.0009605618265574251 67
1775070280596 0.0009593172782532268 68
1775070422956 0.0009580542287160348 69
1775070566761 0.0009567727288213005 70
1775070721160 0.0009554728301876525 71
1775070868979 0.0009541545851748186 72
1775071003010 0.0009528180468815154 73
1775071121608 0.0009514632691433108 74
1775071221934 0.0009500903065304539 75
1775071305638 0.0009486992143456792 76
1775071392616 0.0009472900486219768 77
1775071490021 0.0009458628661203367 78
1775071591607 0.0009444177243274617 79
