1775061949335 66421.44392286363 0
1775062070758 20.807291180383963 1
1775062189849 19.922944143170216 2
1775062314168 37.828284780021576 3
1775062434970 39.97002489498404 4
1775062549474 33.331952346152946 5
1775062663396 31.208492936169513 6
1775062769143 26.73904747332706 7
1775062881048 22.850284327249057 8
1775062992651 21.279845873107675 9
1775063095663 18.195600405091145 10
1775063198156 20.198501632106108 11
1775063301555 15.865244769414918 12
1775063411008 16.342348134419957 13
1775063520076 14.368793550573411 14
1775063637228 13.620031262763211 15
1775063763339 13.394593348757166 16
1775063892097 12.93674177786366 17
1775064014925 12.578196653577148 18
1775064117768 12.07607496444319 19
1775064227393 11.330305752451302 20
1775064347155 11.112191199157081 21
1775064462821 10.51794812913801 22
1775064578847 10.480811931681437 23
1775064688352 10.009134088383346 24
1775064801056 9.12878554693011 25
1775064898148 9.656016685923593 26
1775064980708 9.337957414203002 27
1775065060745 8.189838821526434 28
1775065141788 8.705216309208362 29
1775065237034 9.090128951141091 30
1775065360599 8.060590503523585 31
1775065502514 7.945196569943037 32
1775065639862 7.2818876396192875 33
1775065779371 7.941983978279302 34
1775065930149 8.164229371386472 35
1775066080335 7.509797442032665 36
1775066228626 6.6845500990748405 37
1775066356918 8.144758242930545 38
1775066460142 6.285188561946642 39
1775066553462 6.215807900077007 40
1775066640247 6.81953321861439 41
1775066745684 6.463520252435911 42
1775066876350 6.038289887555798 43
1775067017038 6.824326782685811 44
1775067181545 5.760117115849843 45
1775067341976 6.455022693168922 46
1775067501477 5.412713484685929 47
1775067659902 5.4350009928839125 48
1775067819343 5.56541737285061 49
1775067965043 5.313021961294237 50
1775068083441 4.989299595050636 51
1775068173322 5.135723783344519 52
1775068263774 5.498626883767668 53
1775068371845 4.912112661072465 54
1775068495521 5.13564270014157 55
1775068645113 4.454970620572567 56
1775068808050 5.3178845408265705 57
1775068975671 5.082378369740775 58
1775069137672 4.280504491485533 59
1775069290627 4.6313715407960725 60
1775069454970 4.490056033078276 61
1775069602436 4.795478507998537 62
1775069700397 4.414892375285997 63
1775069787381 4.355647020896927 64
1775069875166 4.221207224809732 65
1775069988656 4.262841238899798 66
1775070141336 4.145401204890404 67
1775070280596 4.129724988744396 68
1775070422956 4.13847388198874 69
1775070566761 3.997255338936067 70
1775070721160 3.8334872787360283 71
1775070868979 4.072709061877161 72
1775071003010 3.7115693676178574 73
1775071121608 3.651667816961398 74
1775071221934 4.002619544135743 75
1775071305638 3.741738150659643 76
1775071392616 3.8719976522394868 77
1775071490021 3.6817548309803985 78
1775071591607 4.054115281608261 79
