1775058136445 0.0002 0
1775058229513 0.0004 1
1775058325656 0.0006 2
1775058415070 0.0008 3
1775058503326 0.001 4
1775058599179 0.0009999899300364532 5
1775058694465 0.0009999597205514296 6
1775058788947 0.000999909372761763 7
1775058882350 0.0009998388886954545 8
1775058978363 0.0009997482711915926 9
1775059073105 0.0009996375239002368 10
1775059171297 0.0009995066512822719 11
1775059266566 0.000999355658609228 12
1775059362712 0.0009991845519630679 13
1775059456931 0.0009989933382359422 14
1775059549603 0.0009987820251299122 15
1775059642469 0.0009985506211566387 16
1775059733926 0.0009982991356370402 17
