1775058136445 88003.51844062962 0
1775058229513 25.299499228352406 1
1775058325656 13.280036903307087 2
1775058415070 17.807478003814573 3
1775058503326 21.689150530783856 4
1775058599179 23.754015255658352 5
1775058694465 19.323769650254093 6
1775058788947 19.191867596301876 7
1775058882350 16.242653107056853 8
1775058978363 14.609467886266161 9
1775059073105 14.627437341408651 10
1775059171297 11.984028717533487 11
1775059266566 12.101273322691682 12
1775059362712 10.409196408068548 13
1775059456931 11.283543085954229 14
1775059549603 11.496052558671256 15
1775059642469 9.930297380099532 16
1775059733926 9.351544636439105 17
