1775080539230 0.0002 0
1775080590403 0.0004 1
1775080641674 0.0006 2
1775080693006 0.0008 3
1775080744364 0.001 4
1775080795832 0.0009999899300364532 5
1775080847256 0.0009999597205514296 6
1775080898509 0.000999909372761763 7
1775080950030 0.0009998388886954545 8
1775081001549 0.0009997482711915926 9
1775081053049 0.0009996375239002368 10
1775081104592 0.0009995066512822719 11
1775081155948 0.000999355658609228 12
1775081207171 0.0009991845519630679 13
1775081258369 0.0009989933382359422 14
1775081309581 0.0009987820251299122 15
1775081360663 0.0009985506211566387 16
1775081411933 0.0009982991356370402 17
1775081462960 0.000998027578700917 18
1775081514123 0.0009977359612865424 19
1775081565316 0.0009974242951402235 20
1775081616555 0.0009970925928158272 21
1775081667793 0.0009967408676742752 22
1775081719070 0.0009963691338830043 23
1775081770221 0.0009959774064153978 24
1775081821375 0.0009955657010501807 25
1775081872540 0.0009951340343707852 26
1775081923698 0.0009946824237646824 27
1775081974888 0.0009942108874226813 28
1775082025900 0.0009937194443381972 29
1775082077126 0.000993208114306486 30
1775082128263 0.0009926769179238466 31
1775082179401 0.0009921258765867918 32
1775082230509 0.0009915550124911866 33
