1775080539230 46895.46158894945 0
1775080590403 46.50968372626383 1
1775080641674 84.79113418938684 2
1775080693006 102.95678005843867 3
1775080744364 91.16357908483411 4
1775080795832 82.55717177811216 5
1775080847256 63.72980505276899 6
1775080898509 54.886667848610486 7
1775080950030 45.73804015800601 8
1775081001549 42.26624085424376 9
1775081053049 30.38545525415999 10
1775081104592 30.89054339928705 11
1775081155948 28.072937234503325 12
1775081207171 23.682835044919468 13
1775081258369 25.050415687385154 14
1775081309581 20.838936406569402 15
1775081360663 20.623393642609237 16
1775081411933 19.267478420109047 17
1775081462960 19.483836088757045 18
1775081514123 19.383108872614923 19
1775081565316 16.84807423367852 20
1775081616555 15.470973254960091 21
1775081667793 16.34703601432628 22
1775081719070 15.369459938319004 23
1775081770221 15.251270241424686 24
1775081821375 14.461321387134614 25
1775081872540 11.952550640726676 26
1775081923698 14.414912859680223 27
1775081974888 12.342106123439601 28
1775082025900 10.831064387423094 29
1775082077126 13.579026321162942 30
1775082128263 11.739232634911772 31
1775082179401 11.990920648223064 32
1775082230509 12.105358376854756 33
