1775086167075 0.0002 0
1775086269220 0.0004 1
1775086373535 0.0006 2
1775086478232 0.0008 3
1775086582535 0.001 4
1775086692347 0.0009999899300364532 5
1775086800293 0.0009999597205514296 6
1775086912091 0.000999909372761763 7
1775087025689 0.0009998388886954545 8
1775087148161 0.0009997482711915926 9
1775087269093 0.0009996375239002368 10
1775087386142 0.0009995066512822719 11
1775087502566 0.000999355658609228 12
1775087616499 0.0009991845519630679 13
1775087734237 0.0009989933382359422 14
1775087853891 0.0009987820251299122 15
1775087973359 0.0009985506211566387 16
1775088090186 0.0009982991356370402 17
1775088207337 0.000998027578700917 18
1775088327773 0.0009977359612865424 19
1775088447852 0.0009974242951402235 20
1775088562776 0.0009970925928158272 21
1775088674439 0.0009967408676742752 22
1775088781741 0.0009963691338830043 23
1775088880998 0.0009959774064153978 24
1775088977838 0.0009955657010501807 25
1775089071396 0.0009951340343707852 26
1775089164634 0.0009946824237646824 27
1775089257726 0.0009942108874226813 28
1775089349933 0.0009937194443381972 29
1775089440494 0.000993208114306486 30
1775089529560 0.0009926769179238466 31
1775089618591 0.0009921258765867918 32
1775089707658 0.0009915550124911866 33
1775089800087 0.0009909643486313534 34
1775089891200 0.0009903539087991462 35
1775089981261 0.0009897237175829927 36
1775090070613 0.0009890738003669028 37
1775090160744 0.0009884041833294476 38
1775090249875 0.0009877148934427035 39
1775090339066 0.0009870059584711668 40
1775090429314 0.0009862774069706345 41
1775090518734 0.000985529268287055 42
1775090618214 0.0009847615725553456 43
1775090724205 0.0009839743506981783 44
1775090830354 0.0009831676344247342 45
1775090935349 0.000982341456229428 46
1775091040341 0.0009814958493905962 47
1775091141491 0.0009806308479691594 48
1775091244073 0.0009797464868072487 49
1775091347092 0.0009788428015268028 50
1775091451420 0.0009779198285281327 51
1775091549127 0.0009769776049884564 52
1775091645279 0.0009760161688604008 53
1775091740010 0.0009750355588704727 54
1775091838080 0.0009740358145174998 55
1775091939742 0.0009730169760710386 56
1775092045843 0.0009719790845697534 57
1775092150129 0.0009709221818197624 58
1775092249460 0.0009698463103929542 59
1775092350231 0.0009687515136252732 60
1775092448301 0.0009676378356149733 61
1775092546468 0.0009665053212208426 62
1775092647820 0.0009653540160603955 63
1775092758769 0.0009641839665080363 64
1775092873471 0.0009629952196931902 65
1775092982627 0.0009617878234984055 66
1775093089451 0.0009605618265574251 67
1775093196130 0.0009593172782532268 68
1775093304393 0.0009580542287160348 69
1775093417071 0.0009567727288213005 70
1775093536150 0.0009554728301876525 71
1775093663296 0.0009541545851748186 72
1775093788026 0.0009528180468815154 73
1775093907870 0.0009514632691433108 74
1775094034441 0.0009500903065304539 75
1775094153278 0.0009486992143456792 76
1775094273896 0.0009472900486219768 77
1775094400003 0.0009458628661203367 78
1775094542596 0.0009444177243274617 79
1775094663070 0.0009429546814534529 80
1775094770531 0.0009414737964294635 81
1775094878542 0.0009399751289053266 82
