1775086167075 84125.91493329064 0
1775086269220 32.52464325506179 1
1775086373535 14.744376501099008 2
1775086478232 10.783776545133748 3
1775086582535 11.526878513273646 4
1775086692347 12.367624506598613 5
1775086800293 11.442158559795287 6
1775086912091 12.536923932003193 7
1775087025689 9.898527930994502 8
1775087148161 9.507558916191586 9
1775087269093 8.944131143146851 10
1775087386142 7.870915544936891 11
1775087502566 8.579499283897094 12
1775087616499 8.034345713062365 13
1775087734237 8.376207874080198 14
1775087853891 7.285827566915359 15
1775087973359 6.718716507685966 16
1775088090186 6.935345630543154 17
1775088207337 6.61284642055875 18
1775088327773 6.432623230043005 19
1775088447852 6.514909389871554 20
1775088562776 5.691398464021136 21
1775088674439 6.15304646274594 22
1775088781741 5.745812734497375 23
1775088880998 5.418191616896723 24
1775088977838 5.508364017319972 25
