1775086179500 0.0002 0
1775086292313 0.0004 1
1775086405437 0.0006 2
1775086516771 0.0008 3
1775086623766 0.001 4
1775086725337 0.0009999899300364532 5
1775086824340 0.0009999597205514296 6
1775086922463 0.000999909372761763 7
1775087021554 0.0009998388886954545 8
1775087120397 0.0009997482711915926 9
1775087219707 0.0009996375239002368 10
1775087321796 0.0009995066512822719 11
1775087419101 0.000999355658609228 12
1775087519405 0.0009991845519630679 13
1775087618609 0.0009989933382359422 14
1775087730723 0.0009987820251299122 15
1775087846851 0.0009985506211566387 16
1775087963437 0.0009982991356370402 17
1775088077500 0.000998027578700917 18
1775088182650 0.0009977359612865424 19
1775088285567 0.0009974242951402235 20
1775088394593 0.0009970925928158272 21
1775088496971 0.0009967408676742752 22
1775088598826 0.0009963691338830043 23
1775088691307 0.0009959774064153978 24
1775088786055 0.0009955657010501807 25
1775088882468 0.0009951340343707852 26
1775088976575 0.0009946824237646824 27
1775089072084 0.0009942108874226813 28
1775089170239 0.0009937194443381972 29
1775089272343 0.000993208114306486 30
1775089375578 0.0009926769179238466 31
1775089475814 0.0009921258765867918 32
1775089578013 0.0009915550124911866 33
1775089680558 0.0009909643486313534 34
1775089781229 0.0009903539087991462 35
1775089896796 0.0009897237175829927 36
1775090005757 0.0009890738003669028 37
1775090112239 0.0009884041833294476 38
1775090214547 0.0009877148934427035 39
1775090321802 0.0009870059584711668 40
1775090427209 0.0009862774069706345 41
1775090532806 0.000985529268287055 42
1775090636073 0.0009847615725553456 43
1775090744423 0.0009839743506981783 44
1775090852565 0.0009831676344247342 45
1775090961134 0.000982341456229428 46
1775091064301 0.0009814958493905962 47
1775091169425 0.0009806308479691594 48
1775091287805 0.0009797464868072487 49
1775091396892 0.0009788428015268028 50
1775091504173 0.0009779198285281327 51
1775091616696 0.0009769776049884564 52
1775091721617 0.0009760161688604008 53
1775091827570 0.0009750355588704727 54
1775091932835 0.0009740358145174998 55
1775092046105 0.0009730169760710386 56
1775092152039 0.0009719790845697534 57
1775092260511 0.0009709221818197624 58
1775092390710 0.0009698463103929542 59
1775092509840 0.0009687515136252732 60
1775092625181 0.0009676378356149733 61
1775092751397 0.0009665053212208426 62
1775092871019 0.0009653540160603955 63
1775092986210 0.0009641839665080363 64
1775093094700 0.0009629952196931902 65
1775093206311 0.0009617878234984055 66
1775093310626 0.0009605618265574251 67
1775093418297 0.0009593172782532268 68
1775093525314 0.0009580542287160348 69
1775093634123 0.0009567727288213005 70
1775093740112 0.0009554728301876525 71
1775093845508 0.0009541545851748186 72
1775093949774 0.0009528180468815154 73
1775094053930 0.0009514632691433108 74
1775094161027 0.0009500903065304539 75
1775094267068 0.0009486992143456792 76
1775094371693 0.0009472900486219768 77
1775094477046 0.0009458628661203367 78
1775094580558 0.0009444177243274617 79
1775094679932 0.0009429546814534529 80
1775094778669 0.0009414737964294635 81
1775094880278 0.0009399751289053266 82
1775094997233 0.0009384587392471515 83
1775095113738 0.0009369246885348925 84
1775095226832 0.0009353730385598887 85
1775095342497 0.0009338038518223745 86
1775095449350 0.0009322171915289634 87
1775095553584 0.0009306131215901003 88
1775095662650 0.0009289917066174886 89
1775095773931 0.0009273530119214868 90
1775095883195 0.0009256971035084784 91
1775095991453 0.0009240240480782129 92
1775096102946 0.0009223339130211192 93
1775096213383 0.0009206267664155906 94
1775096323452 0.0009189026770252437 95
1775096434477 0.0009171617142961477 96
1775096544954 0.0009154039483540273 97
1775096650185 0.0009136294500014386 98
1775096756748 0.0009118382907149164 99
1775096866229 0.0009100305426420956 100
1775096968873 0.0009082062785988049 101
1775097072569 0.0009063655720661341 102
1775097173186 0.0009045084971874737 103
1775097279269 0.0009026351287655293 104
1775097383571 0.0009007455422593077 105
1775097485104 0.0008988398137810777 106
1775097586789 0.0008969180200933046 107
1775097689591 0.0008949802386055581 108
1775097791841 0.0008930265473713938 109
1775097892532 0.0008910570250852097 110
1775097999100 0.0008890717510790764 111
1775098109898 0.0008870708053195413 112
1775098224225 0.0008850542684044079 113
1775098336053 0.000883022221559489 114
1775098448191 0.0008809747466353355 115
1775098555125 0.0008789119261039385 116
1775098655948 0.0008768338430554083 117
1775098764842 0.0008747405811946271 118
1775098865303 0.0008726322248378774 119
1775098966587 0.0008705088589094458 120
1775099063629 0.0008683705689382025 121
1775099164012 0.0008662174410541554 122
1775099278583 0.0008640495619849821 123
1775099397527 0.000861867019052535 124
1775099513621 0.0008596699001693256 125
1775099629670 0.0008574582938349817 126
1775099746567 0.0008552322891326845 127
1775099862746 0.0008529919757255782 128
1775099978797 0.0008507374438531607 129
1775100096357 0.0008484687843276469 130
1775100214571 0.0008461860885303114 131
1775100325222 0.0008438894484078086 132
1775100437951 0.0008415789564684673 133
