1775086179500 110600.38806780831 0
1775086292313 70.3402049639186 1
1775086405437 16.65751659723579 2
1775086516771 6.412589406380888 3
1775086623766 5.25775352218112 4
1775086725337 6.354615274999962 5
1775086824340 4.915659480163308 6
1775086922463 4.74393668392154 7
1775087021554 4.364837210075777 8
1775087120397 4.460741178178396 9
1775087219707 4.211427259518475 10
1775087321796 4.350536675360359 11
1775087419101 3.3759210302692946 12
1775087519405 3.64851214724486 13
1775087618609 3.8058000738259223 14
1775087730723 3.4350979872902885 15
1775087846851 3.0932593928253063 16
1775087963437 3.4676252350699706 17
1775088077500 3.403757099245415 18
1775088182650 3.0914417165713233 19
1775088285567 3.0286045556307815 20
1775088394593 3.1195825873339764 21
1775088496971 3.157848342398151 22
1775088598826 2.6688568342904575 23
1775088691307 3.065457323169122 24
1775088786055 2.9170254905570725 25
1775088882468 2.792281775506305 26
1775088976575 2.7243628133637983 27
1775089072084 2.66902048281226 28
1775089170239 2.7012943970497516 29
1775089272343 2.6517772711202747 30
1775089375578 2.583301811921792 31
1775089475814 2.3866754110108634 32
1775089578013 2.5465372105846638 33
1775089680558 2.512903091543522 34
1775089781229 2.3215776931066983 35
1775089896796 2.0782233801532963 36
1775090005757 2.6578231452674164 37
1775090112239 2.4333133520100447 38
1775090214547 2.144739352288793 39
1775090321802 2.2844949605889986 40
1775090427209 2.484493420382992 41
1775090532806 2.027632720493635 42
1775090636073 2.278368507496646 43
1775090744423 2.274609641156724 44
1775090852565 2.130122292115063 45
1775090961134 2.09012699444763 46
1775091064301 2.2461211813583235 47
1775091169425 2.0201444343709554 48
1775091287805 1.8194651630569676 49
1775091396892 1.993377284192648 50
1775091504173 1.8987324792342108 51
1775091616696 1.939769734613231 52
1775091721617 2.125917682515793 53
1775091827570 1.8700374440580119 54
1775091932835 1.8624556806304904 55
1775092046105 1.9897203907736989 56
1775092152039 1.8763371013471337 57
1775092260511 1.8921740365016166 58
1775092390710 1.819549632884684 59
1775092509840 1.7491982941072983 60
1775092625181 1.7501942664384842 61
1775092751397 1.770293589895133 62
1775092871019 1.759725689429973 63
1775092986210 1.6053520626098405 64
1775093094700 1.6363570059909196 65
1775093206311 1.6178850217371201 66
1775093310626 1.729066980178239 67
1775093418297 1.6436195742705317 68
1775093525314 1.5452751157591578 69
1775093634123 1.5895014590904362 70
1775093740112 1.4524197135364911 71
1775093845508 1.5618392702375279 72
1775093949774 1.533413502036548 73
1775094053930 1.5240651557191474 74
1775094161027 1.550252449561338 75
1775094267068 1.3143741836862974 76
1775094371693 1.4751520168158363 77
1775094477046 1.5442154559260997 78
1775094580558 1.7012898812345305 79
1775094679932 1.291114593657558 80
1775094778669 1.5812721680239088 81
1775094880278 1.4895646119887223 82
1775094997233 1.3854503743961208 83
1775095113738 1.380786080127124 84
1775095226832 1.402572474640901 85
1775095342497 1.3246214596829453 86
1775095449350 1.3625465486137593 87
1775095553584 1.3540230844108785 88
1775095662650 1.3004849044697695 89
1775095773931 1.4931659194656084 90
1775095883195 1.1984534560107305 91
1775095991453 1.3859394391784903 92
1775096102946 1.2448018833872725 93
1775096213383 1.2807617581098294 94
1775096323452 1.0350226501888427 95
1775096434477 1.386344122562985 96
1775096544954 1.3160814597561468 97
1775096650185 1.2741348239608477 98
1775096756748 1.2499096011284923 99
1775096866229 1.1342464386195432 100
1775096968873 1.1646915824442614 101
1775097072569 1.321907501301316 102
1775097173186 1.2042413171777715 103
1775097279269 1.142606211581924 104
1775097383571 1.036575490150784 105
1775097485104 1.26792328093262 106
1775097586789 1.1474813555107741 107
1775097689591 1.1340863326808712 108
1775097791841 1.0014499329396935 109
1775097892532 1.1800597279073028 110
1775097999100 1.0430515706233803 111
1775098109898 1.093481571764731 112
1775098224225 1.0112978549155056 113
1775098336053 1.0720254646034026 114
1775098448191 1.0414433237775915 115
1775098555125 1.0368360375038912 116
1775098655948 1.0361486369530197 117
1775098764842 0.9328687315287648 118
1775098865303 1.1189091060402208 119
1775098966587 1.214493328155797 120
1775099063629 0.9233710582932977 121
1775099164012 0.9808118744585358 122
1775099278583 1.0040835272062754 123
1775099397527 1.0446353129065427 124
1775099513621 0.9383683043119849 125
1775099629670 1.0367447876630993 126
1775099746567 0.9277046096251637 127
1775099862746 0.9150387705532742 128
1775099978797 0.9365905605745121 129
1775100096357 0.8799147410318255 130
1775100214571 0.9249964502991223 131
1775100325222 0.9180436446255104 132
1775100437951 0.7760752664543078 133
