1775083360240 0.0002 0
1775083414423 0.0004 1
1775083469034 0.0006 2
1775083523299 0.0008 3
1775083577666 0.001 4
1775083632037 0.0009999899300364532 5
1775083686164 0.0009999597205514296 6
1775083740298 0.000999909372761763 7
1775083794641 0.0009998388886954545 8
1775083849299 0.0009997482711915926 9
1775083903340 0.0009996375239002368 10
1775083957859 0.0009995066512822719 11
1775084012377 0.000999355658609228 12
1775084066915 0.0009991845519630679 13
1775084121614 0.0009989933382359422 14
1775084175949 0.0009987820251299122 15
1775084230377 0.0009985506211566387 16
1775084284938 0.0009982991356370402 17
1775084339387 0.000998027578700917 18
1775084393835 0.0009977359612865424 19
1775084448504 0.0009974242951402235 20
1775084502930 0.0009970925928158272 21
1775084557460 0.0009967408676742752 22
1775084612163 0.0009963691338830043 23
1775084666582 0.0009959774064153978 24
1775084721061 0.0009955657010501807 25
1775084775736 0.0009951340343707852 26
1775084830188 0.0009946824237646824 27
1775084884784 0.0009942108874226813 28
1775084939496 0.0009937194443381972 29
1775084993938 0.000993208114306486 30
1775085048492 0.0009926769179238466 31
