1775083360240 224238.17789446723 0
1775083414423 40986.782323618405 1
1775083469034 334.98614558235545 2
1775083523299 72.4445641001717 3
1775083577666 57.86546591461682 4
1775083632037 49.57571676910901 5
1775083686164 42.53880122450531 6
1775083740298 50.579392870918646 7
1775083794641 37.356426332817705 8
1775083849299 32.610722526175074 9
1775083903340 29.27617199694524 10
1775083957859 27.0668631850696 11
1775084012377 25.241837360819833 12
1775084066915 24.630137724954572 13
1775084121614 30.44220359989854 14
1775084175949 29.80099359887545 15
1775084230377 22.382340931501545 16
1775084284938 18.20808772571751 17
1775084339387 20.02223755883389 18
1775084393835 17.24500120663252 19
1775084448504 15.330439043826745 20
1775084502930 13.769478969886654 21
1775084557460 12.677407960422704 22
1775084612163 15.820530563104349 23
1775084666582 15.966607281419098 24
1775084721061 14.176845167503982 25
1775084775736 13.13808316090068 26
1775084830188 12.673598703790883 27
1775084884784 12.281758972855865 28
1775084939496 11.389285892736716 29
1775084993938 10.788076017723709 30
1775085048492 9.960583624292592 31
