1775123896995 0.0002 0
1775124173867 0.0004 1
1775124459074 0.0006 2
1775124765596 0.0008 3
1775125056280 0.001 4
1775125344323 0.0009999899300364532 5
1775125628867 0.0009999597205514296 6
1775125910012 0.000999909372761763 7
1775126176824 0.0009998388886954545 8
1775126449959 0.0009997482711915926 9
1775126715577 0.0009996375239002368 10
1775126982895 0.0009995066512822719 11
1775127257905 0.000999355658609228 12
1775127530740 0.0009991845519630679 13
1775127803102 0.0009989933382359422 14
1775128079651 0.0009987820251299122 15
1775128352345 0.0009985506211566387 16
1775128616939 0.0009982991356370402 17
1775128876118 0.000998027578700917 18
1775129125148 0.0009977359612865424 19
1775129387542 0.0009974242951402235 20
1775129653923 0.0009970925928158272 21
1775129921199 0.0009967408676742752 22
1775130188200 0.0009963691338830043 23
1775130453624 0.0009959774064153978 24
1775130728781 0.0009955657010501807 25
1775131003297 0.0009951340343707852 26
1775131274864 0.0009946824237646824 27
1775131548027 0.0009942108874226813 28
1775131821933 0.0009937194443381972 29
1775132097490 0.000993208114306486 30
1775132336733 0.0009926769179238466 31
1775132594449 0.0009921258765867918 32
1775132860760 0.0009915550124911866 33
1775133124765 0.0009909643486313534 34
1775133391963 0.0009903539087991462 35
1775133663015 0.0009897237175829927 36
1775133933545 0.0009890738003669028 37
1775134198969 0.0009884041833294476 38
1775134463932 0.0009877148934427035 39
1775134727605 0.0009870059584711668 40
1775134989927 0.0009862774069706345 41
1775135253500 0.000985529268287055 42
1775135495210 0.0009847615725553456 43
1775135736261 0.0009839743506981783 44
1775135978810 0.0009831676344247342 45
1775136221220 0.000982341456229428 46
1775136469623 0.0009814958493905962 47
1775136710498 0.0009806308479691594 48
1775136950916 0.0009797464868072487 49
1775137190977 0.0009788428015268028 50
1775137431689 0.0009779198285281327 51
1775137671758 0.0009769776049884564 52
1775137911826 0.0009760161688604008 53
1775138154239 0.0009750355588704727 54
1775138397411 0.0009740358145174998 55
1775138639581 0.0009730169760710386 56
1775138876861 0.0009719790845697534 57
1775139117212 0.0009709221818197624 58
1775139358672 0.0009698463103929542 59
1775139597969 0.0009687515136252732 60
1775139840364 0.0009676378356149733 61
1775140078266 0.0009665053212208426 62
1775140315503 0.0009653540160603955 63
