1775123896995 43577.932622721935 0
1775124173867 44.37522361317619 1
1775124459074 93.53812462873147 2
1775124765596 100.15428171587772 3
1775125056280 103.3931079428704 4
1775125344323 87.9828466147673 5
1775125628867 60.593340765745914 6
1775125910012 62.669068933021826 7
1775126176824 40.44206612227393 8
1775126449959 38.13636047918288 9
1775126715577 35.04983152375846 10
1775126982895 32.12856713767911 11
1775127257905 26.265024959796765 12
1775127530740 26.309143539334908 13
1775127803102 23.12087799388854 14
1775128079651 21.437669886673085 15
1775128352345 20.539397013236265 16
1775128616939 20.595821729937537 17
1775128876118 17.445435723076102 18
1775129125148 17.679646510814056 19
1775129387542 16.06588039901413 20
1775129653923 15.347289735909369 21
1775129921199 16.17800762492125 22
1775130188200 13.52641476470916 23
1775130453624 14.543524468531373 24
1775130728781 15.522906542312903 25
1775131003297 12.54587274227963 26
1775131274864 12.185421260409667 27
1775131548027 13.365758988456648 28
1775131821933 11.480880244344961 29
1775132097490 12.839932885448464 30
1775132336733 11.717616803089125 31
1775132594449 11.423612395270926 32
1775132860760 12.567538582643525 33
1775133124765 9.935345839525832 34
1775133391963 11.290527023497175 35
1775133663015 9.259369045984549 36
1775133933545 11.37100354521001 37
1775134198969 8.87030930939268 38
1775134463932 11.5586888235612 39
1775134727605 9.744125955051086 40
1775134989927 8.804852972020868 41
1775135253500 9.202506214990967 42
1775135495210 8.75907209027009 43
1775135736261 8.996927004124297 44
1775135978810 8.733771110655832 45
1775136221220 8.758442041937444 46
1775136469623 8.112006703116855 47
1775136710498 7.831653307940139 48
1775136950916 8.533074910034898 49
1775137190977 7.411789899478193 50
1775137431689 7.771678834176455 51
1775137671758 7.929828017705777 52
1775137911826 6.635191134009205 53
1775138154239 7.891900041674981 54
1775138397411 6.901947190038493 55
1775138639581 7.2323152220151465 56
1775138876861 6.29070716955867 57
1775139117212 7.400013660065463 58
1775139358672 6.586138774137028 59
1775139597969 6.842620243913815 60
1775139840364 6.161203938551614 61
1775140078266 7.324488770155633 62
1775140315503 5.899643483831257 63
