1775057294943 0.0002 0
1775057390205 0.0004 1
1775057485185 0.0006 2
1775057581183 0.0008 3
1775057675458 0.001 4
1775057770678 0.0009999899300364532 5
1775057871601 0.0009999597205514296 6
1775057974318 0.000999909372761763 7
1775058077245 0.0009998388886954545 8
1775058180484 0.0009997482711915926 9
1775058279093 0.0009996375239002368 10
1775058381063 0.0009995066512822719 11
1775058478414 0.000999355658609228 12
1775058575312 0.0009991845519630679 13
1775058674968 0.0009989933382359422 14
1775058772804 0.0009987820251299122 15
1775058871860 0.0009985506211566387 16
