1775057294943 114454.73312864147 0
1775057390205 38.75496962226805 1
1775057485185 7.398789435136513 2
1775057581183 7.309417184747633 3
1775057675458 10.044894397991602 4
1775057770678 9.439729716934142 5
1775057871601 8.762996737585693 6
1775057974318 8.238220562456084 7
1775058077245 7.7872945908151685 8
1775058180484 7.472133559037427 9
1775058279093 7.170561623988582 10
1775058381063 6.476686062016448 11
1775058478414 6.587008718584404 12
1775058575312 6.01775591747194 13
1775058674968 5.51329786965593 14
1775058772804 5.893014338050709 15
1775058871860 5.862191958383459 16
