1775064758713 0.0002 0
1775064865513 0.0004 1
1775064975054 0.0006 2
1775065078519 0.0008 3
1775065179919 0.001 4
1775065276466 0.0009999899300364532 5
1775065370388 0.0009999597205514296 6
1775065464768 0.000999909372761763 7
1775065568730 0.0009998388886954545 8
1775065691322 0.0009997482711915926 9
1775065855292 0.0009996375239002368 10
1775066030147 0.0009995066512822719 11
1775066205283 0.000999355658609228 12
1775066383003 0.0009991845519630679 13
1775066548880 0.0009989933382359422 14
1775066696833 0.0009987820251299122 15
1775066825190 0.0009985506211566387 16
1775066948807 0.0009982991356370402 17
1775067061924 0.000998027578700917 18
1775067154618 0.0009977359612865424 19
1775067257458 0.0009974242951402235 20
1775067377813 0.0009970925928158272 21
1775067539500 0.0009967408676742752 22
1775067708264 0.0009963691338830043 23
1775067865823 0.0009959774064153978 24
1775068041630 0.0009955657010501807 25
1775068215360 0.0009951340343707852 26
1775068376442 0.0009946824237646824 27
1775068511552 0.0009942108874226813 28
1775068626383 0.0009937194443381972 29
1775068716223 0.000993208114306486 30
1775068805068 0.0009926769179238466 31
1775068899711 0.0009921258765867918 32
1775069028792 0.0009915550124911866 33
1775069199672 0.0009909643486313534 34
1775069361477 0.0009903539087991462 35
1775069544895 0.0009897237175829927 36
1775069734919 0.0009890738003669028 37
1775069917173 0.0009884041833294476 38
1775070114968 0.0009877148934427035 39
1775070299713 0.0009870059584711668 40
1775070426113 0.0009862774069706345 41
1775070515298 0.000985529268287055 42
1775070608908 0.0009847615725553456 43
1775070718471 0.0009839743506981783 44
1775070870006 0.0009831676344247342 45
1775071049388 0.000982341456229428 46
1775071247480 0.0009814958493905962 47
1775071432761 0.0009806308479691594 48
1775071621068 0.0009797464868072487 49
1775071807916 0.0009788428015268028 50
1775071987615 0.0009779198285281327 51
1775072149509 0.0009769776049884564 52
1775072267411 0.0009760161688604008 53
1775072383328 0.0009750355588704727 54
1775072485893 0.0009740358145174998 55
1775072603983 0.0009730169760710386 56
1775072771361 0.0009719790845697534 57
1775072963649 0.0009709221818197624 58
1775073156134 0.0009698463103929542 59
1775073337884 0.0009687515136252732 60
1775073522552 0.0009676378356149733 61
1775073723537 0.0009665053212208426 62
1775073887222 0.0009653540160603955 63
1775074015834 0.0009641839665080363 64
1775074124741 0.0009629952196931902 65
1775074252026 0.0009617878234984055 66
1775074370702 0.0009605618265574251 67
1775074516248 0.0009593172782532268 68
1775074695517 0.0009580542287160348 69
1775074884297 0.0009567727288213005 70
1775075074865 0.0009554728301876525 71
1775075255644 0.0009541545851748186 72
1775075443271 0.0009528180468815154 73
1775075603494 0.0009514632691433108 74
1775075752097 0.0009500903065304539 75
1775075866294 0.0009486992143456792 76
1775075967126 0.0009472900486219768 77
1775076070280 0.0009458628661203367 78
1775076174303 0.0009444177243274617 79
1775076250384 0.0009429546814534529 80
1775076327142 0.0009414737964294635 81
1775076426970 0.0009399751289053266 82
1775076501271 0.0009384587392471515 83
1775076569869 0.0009369246885348925 84
1775076643462 0.0009353730385598887 85
1775076715119 0.0009338038518223745 86
1775076784061 0.0009322171915289634 87
1775076858742 0.0009306131215901003 88
1775076925456 0.0009289917066174886 89
1775077006073 0.0009273530119214868 90
1775077066989 0.0009256971035084784 91
1775077125486 0.0009240240480782129 92
1775077181596 0.0009223339130211192 93
1775077239694 0.0009206267664155906 94
1775077298599 0.0009189026770252437 95
1775077354482 0.0009171617142961477 96
1775077410044 0.0009154039483540273 97
1775077466332 0.0009136294500014386 98
1775077524423 0.0009118382907149164 99
1775077580968 0.0009100305426420956 100
1775077637565 0.0009082062785988049 101
1775077696365 0.0009063655720661341 102
1775077754980 0.0009045084971874737 103
1775077811776 0.0009026351287655293 104
1775077868057 0.0009007455422593077 105
1775077925907 0.0008988398137810777 106
1775077982540 0.0008969180200933046 107
1775078039703 0.0008949802386055581 108
1775078096956 0.0008930265473713938 109
1775078152998 0.0008910570250852097 110
1775078210999 0.0008890717510790764 111
1775078269444 0.0008870708053195413 112
1775078328475 0.0008850542684044079 113
1775078384916 0.000883022221559489 114
1775078442838 0.0008809747466353355 115
1775078498048 0.0008789119261039385 116
1775078554662 0.0008768338430554083 117
1775078614507 0.0008747405811946271 118
1775078671295 0.0008726322248378774 119
1775078727992 0.0008705088589094458 120
