1775064758713 48384.62054486353 0
1775064865513 41.557542470634964 1
1775064975054 58.8737202931623 2
1775065078519 79.12314049533155 3
1775065179919 74.33071830722152 4
1775065276466 70.8243023821565 5
1775065370388 60.17218086563173 6
1775065464768 44.92030467263988 7
1775065568730 38.37776498960667 8
1775065691322 34.90192104851613 9
1775065855292 34.034579184700235 10
1775066030147 26.699677596815295 11
1775066205283 28.7439108725454 12
1775066383003 24.45899945570797 13
1775066548880 19.250519852169223 14
1775066696833 21.994340054080133 15
1775066825190 19.294725222665754 16
1775066948807 19.0841195563801 17
1775067061924 19.48165590841262 18
1775067154618 17.49118903914436 19
1775067257458 14.472014050747527 20
1775067377813 15.204626594410568 21
1775067539500 14.199548577431772 22
1775067708264 13.507080683209857 23
1775067865823 14.275810933015386 24
1775068041630 12.515342970851991 25
1775068215360 13.666198005441759 26
1775068376442 13.229650944227078 27
1775068511552 10.564980843028085 28
1775068626383 12.637668717591488 29
1775068716223 11.635364533936391 30
1775068805068 10.737723122121858 31
1775068899711 10.447164716657069 32
1775069028792 11.381663883562949 33
1775069199672 10.014894009125037 34
1775069361477 9.965471572319014 35
1775069544895 10.116085988087733 36
1775069734919 9.115510800578555 37
1775069917173 9.659971798785397 38
1775070114968 8.692356662305652 39
1775070299713 8.590094755296825 40
1775070426113 8.92994479932746 41
1775070515298 8.58684916256881 42
1775070608908 8.938248286237481 43
1775070718471 8.757934725919707 44
1775070870006 7.96252301005555 45
1775071049388 8.011732975601173 46
1775071247480 7.360293912105873 47
1775071432761 7.674382916117301 48
1775071621068 6.828962514512852 49
1775071807916 7.893954031047274 50
1775071987615 6.832075546633025 51
1775072149509 6.63285349590368 52
1775072267411 6.819026967907538 53
1775072383328 6.84915054955932 54
1775072485893 6.865647066201343 55
1775072603983 6.202433444193153 56
1775072771361 6.4612005559391665 57
1775072963649 5.979597131370521 58
1775073156134 6.235289191735572 59
1775073337884 6.096728859377689 60
1775073522552 5.9749587972144615 61
1775073723537 6.0517445511993815 62
1775073887222 5.265722973180599 63
1775074015834 5.831923262872657 64
1775074124741 5.761130079382756 65
1775074252026 5.426615563389219 66
1775074370702 5.814748907797649 67
1775074516248 4.702078128447298 68
1775074695517 5.587964449749618 69
1775074884297 5.388060248899655 70
1775075074865 5.386870654391461 71
1775075255644 5.003608410475684 72
1775075443271 5.289378499276325 73
1775075603494 5.230433960002466 74
1775075752097 4.402270696263333 75
1775075866294 5.266094960944086 76
1775075967126 5.051495056049745 77
1775076070280 4.628043015197408 78
1775076174303 4.449859194885024 79
1775076250384 4.617865295561611 80
1775076327142 4.496946591944968 81
1775076426970 4.797581909254927 82
1775076501271 4.361154695514773 83
1775076569869 4.587905332079677 84
1775076643462 4.277203299227308 85
1775076715119 4.689330974563223 86
1775076784061 4.428602153526955 87
1775076858742 4.3345166852117565 88
1775076925456 4.307640321186332 89
1775077006073 3.7036879723433587 90
1775077066989 4.175193616967709 91
1775077125486 4.129199156629258 92
1775077181596 4.179203307347708 93
1775077239694 3.5597439575024317 94
1775077298599 4.186489820907839 95
1775077354482 3.9908643191466564 96
1775077410044 3.946829487432222 97
1775077466332 3.9179627251673916 98
1775077524423 3.756411103440113 99
1775077580968 3.8099301840316078 100
1775077637565 3.3449436911671864 101
1775077696365 3.9633323871454254 102
1775077754980 3.2839798069879658 103
1775077811776 3.726671981335175 104
1775077868057 3.806663887056171 105
1775077925907 3.5095544409800747 106
1775077982540 3.4463461992926283 107
1775078039703 3.349427332521462 108
1775078096956 3.5778770100508557 109
1775078152998 3.4181990886687257 110
1775078210999 3.2783019316123156 111
1775078269444 3.0876136963851137 112
1775078328475 3.5778619719089053 113
1775078384916 2.9357210828876887 114
1775078442838 3.1235030464461593 115
1775078498048 3.282416415996239 116
1775078554662 3.0425034190421223 117
1775078614507 2.829860727928701 118
1775078671295 3.1581205597422164 119
1775078727992 2.9498350497213055 120
