1775062004182 0.0002 0
1775062128838 0.0004 1
1775062249005 0.0006 2
1775062374117 0.0008 3
1775062494061 0.001 4
1775062604964 0.0009999899300364532 5
1775062718270 0.0009999597205514296 6
1775062836979 0.000999909372761763 7
1775062949607 0.0009998388886954545 8
1775063048710 0.0009997482711915926 9
1775063148343 0.0009996375239002368 10
1775063245899 0.0009995066512822719 11
1775063345998 0.000999355658609228 12
1775063449689 0.0009991845519630679 13
1775063562102 0.0009989933382359422 14
1775063675175 0.0009987820251299122 15
1775063797275 0.0009985506211566387 16
1775063919629 0.0009982991356370402 17
1775064039924 0.000998027578700917 18
1775064143782 0.0009977359612865424 19
1775064257445 0.0009974242951402235 20
1775064372066 0.0009970925928158272 21
1775064487404 0.0009967408676742752 22
1775064599405 0.0009963691338830043 23
1775064707015 0.0009959774064153978 24
1775064815686 0.0009955657010501807 25
1775064908520 0.0009951340343707852 26
1775064989789 0.0009946824237646824 27
1775065083279 0.0009942108874226813 28
1775065169200 0.0009937194443381972 29
1775065276433 0.000993208114306486 30
1775065413898 0.0009926769179238466 31
1775065549138 0.0009921258765867918 32
1775065679552 0.0009915550124911866 33
1775065818017 0.0009909643486313534 34
1775065974964 0.0009903539087991462 35
1775066122937 0.0009897237175829927 36
1775066264091 0.0009890738003669028 37
1775066380210 0.0009884041833294476 38
1775066488399 0.0009877148934427035 39
1775066583498 0.0009870059584711668 40
1775066682566 0.0009862774069706345 41
1775066806088 0.000985529268287055 42
1775066943541 0.0009847615725553456 43
1775067106068 0.0009839743506981783 44
1775067268400 0.0009831676344247342 45
1775067424115 0.000982341456229428 46
1775067578322 0.0009814958493905962 47
1775067739504 0.0009806308479691594 48
1775067892648 0.0009797464868072487 49
1775068026271 0.0009788428015268028 50
1775068125475 0.0009779198285281327 51
1775068210924 0.0009769776049884564 52
1775068300273 0.0009760161688604008 53
1775068404403 0.0009750355588704727 54
1775068538519 0.0009740358145174998 55
1775068667570 0.0009730169760710386 56
1775068823280 0.0009719790845697534 57
1775068977989 0.0009709221818197624 58
1775069138020 0.0009698463103929542 59
1775069292193 0.0009687515136252732 60
1775069461042 0.0009676378356149733 61
1775069607130 0.0009665053212208426 62
1775069709582 0.0009653540160603955 63
1775069796236 0.0009641839665080363 64
1775069879813 0.0009629952196931902 65
1775070000705 0.0009617878234984055 66
1775070165380 0.0009605618265574251 67
1775070276132 0.0009593172782532268 68
1775070406653 0.0009580542287160348 69
1775070545185 0.0009567727288213005 70
1775070706954 0.0009554728301876525 71
1775070862415 0.0009541545851748186 72
1775071011440 0.0009528180468815154 73
1775071148496 0.0009514632691433108 74
1775071241700 0.0009500903065304539 75
1775071324027 0.0009486992143456792 76
1775071407642 0.0009472900486219768 77
1775071502728 0.0009458628661203367 78
1775071608758 0.0009444177243274617 79
1775071728355 0.0009429546814534529 80
1775071850259 0.0009414737964294635 81
1775071983565 0.0009399751289053266 82
1775072120821 0.0009384587392471515 83
1775072263344 0.0009369246885348925 84
1775072423381 0.0009353730385598887 85
1775072581773 0.0009338038518223745 86
1775072716633 0.0009322171915289634 87
1775072843570 0.0009306131215901003 88
1775072971737 0.0009289917066174886 89
1775073078328 0.0009273530119214868 90
1775073179880 0.0009256971035084784 91
1775073276635 0.0009240240480782129 92
1775073393050 0.0009223339130211192 93
1775073494620 0.0009206267664155906 94
1775073620049 0.0009189026770252437 95
1775073778453 0.0009171617142961477 96
1775073906047 0.0009154039483540273 97
1775074054719 0.0009136294500014386 98
1775074207180 0.0009118382907149164 99
1775074335553 0.0009100305426420956 100
1775074479853 0.0009082062785988049 101
1775074629893 0.0009063655720661341 102
1775074766907 0.0009045084971874737 103
1775074869965 0.0009026351287655293 104
1775074988445 0.0009007455422593077 105
1775075097108 0.0008988398137810777 106
1775075218800 0.0008969180200933046 107
1775075340718 0.0008949802386055581 108
1775075490804 0.0008930265473713938 109
1775075672953 0.0008910570250852097 110
1775075836065 0.0008890717510790764 111
1775075948990 0.0008870708053195413 112
1775076045251 0.0008850542684044079 113
1775076150342 0.000883022221559489 114
1775076245652 0.0008809747466353355 115
