1775062004182 57039.490622133504 0
1775062128838 31.45966500043869 1
1775062249005 32.09477259975965 2
1775062374117 50.40990435832837 3
1775062494061 53.486082951553534 4
1775062604964 40.26095167828388 5
1775062718270 39.82017841739733 6
1775062836979 34.276555533780424 7
1775062949607 27.68427344326113 8
1775063048710 28.165860181949178 9
1775063148343 26.13990375643871 10
1775063245899 22.620548600544694 11
1775063345998 21.14116137780127 12
1775063449689 19.634470962354396 13
1775063562102 17.780737901808784 14
1775063675175 18.874747873085443 15
1775063797275 15.58868068334509 16
1775063919629 15.492341237234287 17
1775064039924 14.34564204220889 18
1775064143782 14.513601595261058 19
1775064257445 12.766169617532707 20
1775064372066 13.070562835110993 21
1775064487404 11.891474334675758 22
1775064599405 12.803983690064461 23
1775064707015 12.421032344220114 24
1775064815686 10.804228445789853 25
1775064908520 10.920790448051985 26
1775064989789 10.473654264675789 27
1775065083279 9.707752528737803 28
1775065169200 9.910149946808815 29
1775065276433 9.570445361196018 30
1775065413898 9.757002158121008 31
1775065549138 9.187070800510586 32
1775065679552 8.530542830341174 33
1775065818017 8.831524962650947 34
1775065974964 8.909785213284804 35
1775066122937 7.6505012479229055 36
1775066264091 8.753659402005008 37
1775066380210 8.58041902240671 38
1775066488399 7.933742823292975 39
1775066583498 8.275146064821813 40
1775066682566 7.247943701680566 41
1775066806088 6.816675629405702 42
1775066943541 7.735049723968154 43
1775067106068 6.918541333348047 44
1775067268400 6.481906929099169 45
1775067424115 6.256815462205254 46
1775067578322 6.088511213049537 47
1775067739504 6.078467367613902 48
1775067892648 6.288597978285102 49
1775068026271 6.148915611207485 50
1775068125475 5.8267305337014745 51
1775068210924 5.397588446980617 52
1775068300273 6.000224015018979 53
1775068404403 5.752516547065289 54
1775068538519 5.3129219024396335 55
1775068667570 5.22735704713669 56
1775068823280 5.0858494911770356 57
1775068977989 5.588466344431776 58
1775069138020 5.181076778495898 59
1775069292193 4.986955987381154 60
1775069461042 5.062925674387666 61
1775069607130 5.2995576067049 62
1775069709582 4.781876224535899 63
1775069796236 4.388250176168856 64
1775069879813 4.604384266450757 65
1775070000705 5.06053786944659 66
1775070165380 4.342963601477811 67
1775070276132 4.710090638062016 68
1775070406653 4.395550534984127 69
1775070545185 4.466533889780279 70
1775070706954 4.518237162442481 71
1775070862415 4.257601112493726 72
1775071011440 4.227796863825595 73
1775071148496 3.997747821275328 74
1775071241700 4.479246242552018 75
1775071324027 3.9872595687381556 76
1775071407642 4.05228863497738 77
1775071502728 3.895645212717965 78
1775071608758 3.6230770250568622 79
1775071728355 4.269440531303159 80
1775071850259 3.7442614015375004 81
1775071983565 3.923613564279236 82
1775072120821 3.4702852826992996 83
1775072263344 3.804517110901289 84
1775072423381 3.618146012186027 85
1775072581773 3.4350561294093973 86
1775072716633 3.566457338631153 87
1775072843570 3.55054912661187 88
1775072971737 3.721648206232024 89
1775073078328 3.168794886560225 90
1775073179880 3.530120491492944 91
1775073276635 3.2875332852489634 92
1775073393050 3.4828924249674453 93
1775073494620 3.4544132116754525 94
1775073620049 3.4807852275181013 95
1775073778453 3.4249485946703153 96
1775073906047 2.918437222354725 97
1775074054719 3.649201644492931 98
1775074207180 3.2854289181041914 99
1775074335553 3.2245991387572444 100
1775074479853 3.0501247339683477 101
1775074629893 3.189922279693553 102
1775074766907 3.184131269877563 103
1775074869965 3.076300778105611 104
1775074988445 3.073491948733076 105
1775075097108 2.7288504933907847 106
1775075218800 3.078694958056583 107
1775075340718 3.0071199213261486 108
1775075490804 3.098381187156087 109
1775075672953 2.8180914011280067 110
1775075836065 2.849883453004429 111
1775075948990 2.747094146235556 112
1775076045251 2.722006832417406 113
1775076150342 2.7833981813832382 114
1775076245652 2.6106500608510657 115
