1775083359607 0.0002 0
1775083412534 0.0004 1
1775083465922 0.0006 2
1775083519255 0.0008 3
1775083572834 0.001 4
1775083626589 0.0009999899300364532 5
1775083680146 0.0009999597205514296 6
1775083733830 0.000999909372761763 7
1775083787611 0.0009998388886954545 8
1775083841261 0.0009997482711915926 9
1775083895065 0.0009996375239002368 10
1775083948980 0.0009995066512822719 11
1775084002706 0.000999355658609228 12
1775084056546 0.0009991845519630679 13
1775084110558 0.0009989933382359422 14
1775084164329 0.0009987820251299122 15
1775084218250 0.0009985506211566387 16
1775084272348 0.0009982991356370402 17
1775084326128 0.000998027578700917 18
1775084380122 0.0009977359612865424 19
1775084434189 0.0009974242951402235 20
1775084487939 0.0009970925928158272 21
1775084541742 0.0009967408676742752 22
1775084595686 0.0009963691338830043 23
1775084649337 0.0009959774064153978 24
1775084703476 0.0009955657010501807 25
1775084757689 0.0009951340343707852 26
1775084811736 0.0009946824237646824 27
1775084865996 0.0009942108874226813 28
1775084920319 0.0009937194443381972 29
1775084974627 0.000993208114306486 30
1775085028966 0.0009926769179238466 31
