1775083359607 167351.66367827868 0
1775083412534 4246.809239747095 1
1775083465922 207.88038184994556 2
1775083519255 158.57963943481445 3
1775083572834 145.79261479612256 4
1775083626589 123.53713857932169 5
1775083680146 96.10143811585473 6
1775083733830 76.86341401397205 7
1775083787611 62.23963377905674 8
1775083841261 105.80766318274325 9
1775083895065 112.93853328267082 10
1775083948980 73.02318560099992 11
1775084002706 75.96373869942838 12
1775084056546 46.909665654917234 13
1775084110558 34.9641486933974 14
1775084164329 97.1959888426984 15
1775084218250 50.26557112521812 16
1775084272348 33.913197564297036 17
1775084326128 84.72927980735653 18
1775084380122 44.187777511409074 19
1775084434189 75.83445579497541 20
1775084487939 45.022406843842056 21
1775084541742 39.64490804515901 22
1775084595686 57.45751159699237 23
1775084649337 36.49797836678927 24
1775084703476 45.53182351393778 25
1775084757689 30.860154167550508 26
1775084811736 23.22492874645796 27
1775084865996 24.068382059941527 28
1775084920319 41.67751943869669 29
1775084974627 29.55227948798508 30
1775085028966 26.60027355835086 31
