1775123720230 0.0002 0
1775123819438 0.0004 1
1775123916721 0.0006 2
1775124014597 0.0008 3
1775124112278 0.001 4
1775124210125 0.0009999899300364532 5
1775124307262 0.0009999597205514296 6
1775124404788 0.000999909372761763 7
1775124503563 0.0009998388886954545 8
1775124602143 0.0009997482711915926 9
1775124701676 0.0009996375239002368 10
1775124798993 0.0009995066512822719 11
1775124897000 0.000999355658609228 12
1775124995184 0.0009991845519630679 13
1775125091271 0.0009989933382359422 14
1775125189361 0.0009987820251299122 15
1775125287079 0.0009985506211566387 16
1775125385009 0.0009982991356370402 17
1775125472084 0.000998027578700917 18
1775125561346 0.0009977359612865424 19
1775125650347 0.0009974242951402235 20
1775125745545 0.0009970925928158272 21
1775125844986 0.0009967408676742752 22
1775125944105 0.0009963691338830043 23
1775126040829 0.0009959774064153978 24
1775126137278 0.0009955657010501807 25
1775126235010 0.0009951340343707852 26
1775126332043 0.0009946824237646824 27
1775126428789 0.0009942108874226813 28
1775126524996 0.0009937194443381972 29
1775126623111 0.000993208114306486 30
1775126720557 0.0009926769179238466 31
1775126817845 0.0009921258765867918 32
1775126914424 0.0009915550124911866 33
1775127010293 0.0009909643486313534 34
1775127106246 0.0009903539087991462 35
1775127202969 0.0009897237175829927 36
1775127299824 0.0009890738003669028 37
1775127395985 0.0009884041833294476 38
1775127491255 0.0009877148934427035 39
1775127587058 0.0009870059584711668 40
1775127683875 0.0009862774069706345 41
1775127780770 0.000985529268287055 42
1775127877796 0.0009847615725553456 43
1775127974717 0.0009839743506981783 44
1775128070497 0.0009831676344247342 45
1775128167507 0.000982341456229428 46
1775128263712 0.0009814958493905962 47
1775128360096 0.0009806308479691594 48
1775128456231 0.0009797464868072487 49
1775128552363 0.0009788428015268028 50
1775128648868 0.0009779198285281327 51
1775128741659 0.0009769776049884564 52
1775128827798 0.0009760161688604008 53
1775128912971 0.0009750355588704727 54
1775129000129 0.0009740358145174998 55
1775129092436 0.0009730169760710386 56
1775129188233 0.0009719790845697534 57
1775129287651 0.0009709221818197624 58
1775129383973 0.0009698463103929542 59
1775129483576 0.0009687515136252732 60
1775129582559 0.0009676378356149733 61
1775129682223 0.0009665053212208426 62
1775129780711 0.0009653540160603955 63
1775129878323 0.0009641839665080363 64
1775129982695 0.0009629952196931902 65
1775130088254 0.0009617878234984055 66
1775130186156 0.0009605618265574251 67
1775130284236 0.0009593172782532268 68
1775130380824 0.0009580542287160348 69
1775130477732 0.0009567727288213005 70
1775130577315 0.0009554728301876525 71
1775130675504 0.0009541545851748186 72
1775130773365 0.0009528180468815154 73
1775130871325 0.0009514632691433108 74
1775130968698 0.0009500903065304539 75
1775131064528 0.0009486992143456792 76
1775131162247 0.0009472900486219768 77
1775131261233 0.0009458628661203367 78
1775131357885 0.0009444177243274617 79
1775131453783 0.0009429546814534529 80
1775131549718 0.0009414737964294635 81
1775131645123 0.0009399751289053266 82
1775131741553 0.0009384587392471515 83
1775131838174 0.0009369246885348925 84
1775131935184 0.0009353730385598887 85
1775132027107 0.0009338038518223745 86
1775132114543 0.0009322171915289634 87
1775132200328 0.0009306131215901003 88
1775132288397 0.0009289917066174886 89
1775132380439 0.0009273530119214868 90
1775132477292 0.0009256971035084784 91
1775132575372 0.0009240240480782129 92
1775132673529 0.0009223339130211192 93
1775132772541 0.0009206267664155906 94
1775132872167 0.0009189026770252437 95
1775132969949 0.0009171617142961477 96
1775133066651 0.0009154039483540273 97
1775133163997 0.0009136294500014386 98
1775133262846 0.0009118382907149164 99
1775133363836 0.0009100305426420956 100
1775133463368 0.0009082062785988049 101
1775133563462 0.0009063655720661341 102
1775133664243 0.0009045084971874737 103
1775133763320 0.0009026351287655293 104
1775133861404 0.0009007455422593077 105
1775133959080 0.0008988398137810777 106
1775134057698 0.0008969180200933046 107
1775134157604 0.0008949802386055581 108
1775134254978 0.0008930265473713938 109
1775134354012 0.0008910570250852097 110
1775134450763 0.0008890717510790764 111
1775134547011 0.0008870708053195413 112
1775134643091 0.0008850542684044079 113
