1775123720230 123081.98438964906 0
1775123819438 56.6502861722571 1
1775123916721 9.980233625310365 2
1775124014597 5.217978483829342 3
1775124112278 5.312666396992128 4
1775124210125 5.020747643758039 5
1775124307262 4.992314649409935 6
1775124404788 5.138779817546 7
1775124503563 4.589891128608437 8
1775124602143 4.072425093440736 9
1775124701676 4.450048981142825 10
1775124798993 3.8682685177467886 11
1775124897000 4.070766049330352 12
1775124995184 3.5335116627030687 13
1775125091271 3.858508309563164 14
1775125189361 3.510347831261451 15
1775125287079 3.6240564482133895 16
1775125385009 3.178182722359407 17
1775125472084 3.6014621030600344 18
1775125561346 3.3602129494557613 19
1775125650347 2.780785961717856 20
1775125745545 3.522173671815239 21
1775125844986 3.274450005841304 22
1775125944105 2.860963304878258 23
1775126040829 2.942066585858826 24
1775126137278 3.0720600897415737 25
1775126235010 2.9297664202139027 26
1775126332043 2.9219690853210745 27
1775126428789 2.7377812553685708 28
1775126524996 2.7367177627614288 29
1775126623111 2.685122341589361 30
1775126720557 2.396986452038171 31
1775126817845 2.817706089039318 32
1775126914424 2.3973437835935685 33
1775127010293 2.731136474575176 34
1775127106246 2.4497183066044674 35
1775127202969 2.520976265739711 36
1775127299824 2.7826091528671686 37
1775127395985 2.157343873112905 38
1775127491255 2.6003801197607497 39
1775127587058 2.2033772469177597 40
1775127683875 2.4335227854183463 41
1775127780770 2.2720489644247 42
1775127877796 2.3215042694059553 43
1775127974717 2.006162438969143 44
1775128070497 2.293875862004571 45
1775128167507 2.181216375505338 46
1775128263712 1.810985726166944 47
1775128360096 2.3190993753368736 48
1775128456231 2.197673269135297 49
1775128552363 1.9586704300991336 50
1775128648868 2.040071402905417 51
1775128741659 2.051308801000724 52
1775128827798 2.0501799329382475 53
1775128912971 2.002356935842115 54
1775129000129 1.7583830465608445 55
1775129092436 2.2874536802534196 56
1775129188233 1.8346663665514988 57
1775129287651 1.9497463172759677 58
1775129383973 1.6161959267175587 59
1775129483576 2.053559369636608 60
1775129582559 1.8223774164121171 61
1775129682223 1.9376797302335989 62
1775129780711 1.9267908381145509 63
1775129878323 1.8278038579298825 64
1775129982695 1.7356214171855664 65
1775130088254 1.566980005776296 66
1775130186156 1.6836896976914073 67
1775130284236 1.706646015165282 68
1775130380824 1.6883979931656943 69
1775130477732 1.829220522408847 70
1775130577315 1.7118991575219105 71
1775130675504 1.782203312138798 72
1775130773365 1.5959717607217245 73
1775130871325 1.624117116184264 74
1775130968698 1.514363074583597 75
1775131064528 1.6841340193555492 76
1775131162247 1.7173296636672781 77
1775131261233 1.5017739729192414 78
1775131357885 1.4550360487010636 79
1775131453783 1.4955467578084742 80
1775131549718 1.4889108142586516 81
1775131645123 1.4421253351219854 82
1775131741553 1.5142155934858028 83
1775131838174 1.4453566651791334 84
1775131935184 1.460302648088727 85
1775132027107 1.463181983496322 86
1775132114543 1.423029799044865 87
1775132200328 1.4073095281654207 88
1775132288397 1.3321594568427468 89
1775132380439 1.4091440604419494 90
1775132477292 1.3798502745167887 91
1775132575372 1.4256069402317288 92
1775132673529 1.3291496570970192 93
1775132772541 1.2667260862215133 94
1775132872167 1.3986829791950885 95
1775132969949 1.237454979848422 96
1775133066651 1.2118929641046485 97
1775133163997 1.251216795478688 98
1775133262846 1.3034481237352382 99
1775133363836 1.3197820859610057 100
1775133463368 1.207693990625319 101
1775133563462 1.187586445056024 102
1775133664243 1.3949351761581712 103
1775133763320 1.155344185556789 104
1775133861404 1.230560230579777 105
1775133959080 1.1988960249868572 106
1775134057698 1.1491913535922278 107
1775134157604 1.1149299376201434 108
1775134254978 1.178725072579672 109
1775134354012 1.1746979055956739 110
1775134450763 1.1128859613701456 111
1775134547011 1.1768011874290274 112
1775134643091 1.0547462931727287 113
