1775080538999 0.0002 0
1775080589559 0.0004 1
1775080640365 0.0006 2
1775080691076 0.0008 3
1775080741865 0.001 4
1775080792685 0.0009999899300364532 5
1775080843468 0.0009999597205514296 6
1775080894142 0.000999909372761763 7
1775080945079 0.0009998388886954545 8
1775080995957 0.0009997482711915926 9
1775081046834 0.0009996375239002368 10
1775081097735 0.0009995066512822719 11
1775081148707 0.000999355658609228 12
1775081199558 0.0009991845519630679 13
1775081250403 0.0009989933382359422 14
1775081301323 0.0009987820251299122 15
1775081352103 0.0009985506211566387 16
1775081403177 0.0009982991356370402 17
1775081453945 0.000998027578700917 18
1775081504906 0.0009977359612865424 19
1775081555853 0.0009974242951402235 20
1775081606781 0.0009970925928158272 21
1775081657642 0.0009967408676742752 22
1775081708587 0.0009963691338830043 23
1775081759517 0.0009959774064153978 24
1775081810484 0.0009955657010501807 25
1775081861481 0.0009951340343707852 26
1775081912434 0.0009946824237646824 27
1775081963380 0.0009942108874226813 28
1775082014258 0.0009937194443381972 29
1775082065192 0.000993208114306486 30
1775082116278 0.0009926769179238466 31
1775082167261 0.0009921258765867918 32
1775082218219 0.0009915550124911866 33
