1775080538999 57698.42578059728 0
1775080589559 27.288060751117644 1
1775080640365 36.99084843866161 2
1775080691076 52.292904560683205 3
1775080741865 47.58018198267358 4
1775080792685 50.677715644973226 5
1775080843468 32.410755383186654 6
1775080894142 33.77958832119332 7
1775080945079 26.049924252463168 8
1775080995957 24.333242258331815 9
1775081046834 22.309739329042984 10
1775081097735 21.494871011034387 11
1775081148707 17.948210247227404 12
1775081199558 19.6006998886339 13
1775081250403 16.662495107191507 14
1775081301323 15.77151723890031 15
1775081352103 14.873469846903301 16
1775081403177 14.810384199878232 17
1775081453945 14.895907770903385 18
1775081504906 12.729140239660858 19
1775081555853 14.073643605972899 20
1775081606781 13.0607240471195 21
1775081657642 11.683132417011457 22
1775081708587 10.877065685440282 23
1775081759517 12.195879906904501 24
1775081810484 10.576413316560574 25
1775081861481 10.56676090081207 26
1775081912434 10.435577406013598 27
1775081963380 9.735790009625623 28
1775082014258 8.981854145888422 29
1775082065192 10.299422734951387 30
1775082116278 8.581434108927601 31
1775082167261 9.11772871200667 32
1775082218219 9.404480541582968 33
