1775083358645 0.0002 0
1775083411969 0.0004 1
1775083465674 0.0006 2
1775083519240 0.0008 3
1775083573066 0.001 4
1775083626695 0.0009999899300364532 5
1775083680045 0.0009999597205514296 6
1775083733588 0.000999909372761763 7
1775083787306 0.0009998388886954545 8
1775083840655 0.0009997482711915926 9
1775083894129 0.0009996375239002368 10
1775083947886 0.0009995066512822719 11
1775084001378 0.000999355658609228 12
1775084054935 0.0009991845519630679 13
1775084108553 0.0009989933382359422 14
1775084162313 0.0009987820251299122 15
1775084215976 0.0009985506211566387 16
1775084269918 0.0009982991356370402 17
1775084323521 0.000998027578700917 18
1775084377228 0.0009977359612865424 19
1775084431147 0.0009974242951402235 20
1775084484662 0.0009970925928158272 21
1775084538360 0.0009967408676742752 22
1775084591974 0.0009963691338830043 23
1775084645450 0.0009959774064153978 24
1775084698906 0.0009955657010501807 25
1775084752637 0.0009951340343707852 26
1775084806494 0.0009946824237646824 27
1775084860510 0.0009942108874226813 28
1775084914306 0.0009937194443381972 29
1775084967739 0.000993208114306486 30
1775085021136 0.0009926769179238466 31
