1775083358645 246557.2409067623 0
1775083411969 66871.10660940701 1
1775083465674 1013.5753824202741 2
1775083519240 124.49025000900518 3
1775083573066 68.77671932783284 4
1775083626695 43.3862343772513 5
1775083680045 29.06767593446325 6
1775083733588 21.291355273762687 7
1775083787306 16.71968909560657 8
1775083840655 13.884791264768507 9
1775083894129 12.124910182640201 10
1775083947886 10.821034791039638 11
1775084001378 9.937112253220356 12
1775084054935 32.457779872612875 13
1775084108553 13.622666374581758 14
1775084162313 11.653228892654669 15
1775084215976 10.41711024769017 16
1775084269918 9.605508855131806 17
1775084323521 9.5724793262169 18
1775084377228 10.247380041685261 19
1775084431147 8.995998071842505 20
1775084484662 12.184647677374668 21
1775084538360 9.008168107173482 22
1775084591974 10.47436981513852 23
1775084645450 9.531303968585906 24
1775084698906 8.144776168416758 25
1775084752637 7.321914962080658 26
1775084806494 6.711107027335245 27
1775084860510 6.262380693779617 28
1775084914306 12.443022618528273 29
1775084967739 9.303966940426436 30
1775085021136 8.54438211487942 31
