1775060057972 0.0002 0
1775060149781 0.0004 1
1775060247054 0.0006 2
1775060341653 0.0008 3
1775060437412 0.001 4
1775060535944 0.0009999899300364532 5
1775060626703 0.0009999597205514296 6
1775060724099 0.000999909372761763 7
1775060818901 0.0009998388886954545 8
1775060915100 0.0009997482711915926 9
1775061010042 0.0009996375239002368 10
1775061108298 0.0009995066512822719 11
1775061206424 0.000999355658609228 12
1775061303803 0.0009991845519630679 13
1775061403392 0.0009989933382359422 14
1775061499737 0.0009987820251299122 15
1775061604795 0.0009985506211566387 16
1775061711227 0.0009982991356370402 17
