1775060057972 46595.92423125955 0
1775060149781 64.43157858242753 1
1775060247054 79.37760594438333 2
1775060341653 96.80169922308843 3
1775060437412 105.51750377064846 4
1775060535944 86.68541344462848 5
1775060626703 61.44108579686431 6
1775060724099 50.38537261134288 7
1775060818901 48.312293075147224 8
1775060915100 38.519212485336865 9
1775061010042 32.22118814460567 10
1775061108298 29.852619518754913 11
1775061206424 27.819236032298353 12
1775061303803 25.812196806806032 13
1775061403392 25.461791846595826 14
1775061499737 19.54424986414245 15
1775061604795 20.491709812987047 16
1775061711227 18.214339918289028 17
